1.340500(1.341038)  0.626600(0.629050)  1.657500(1.658400)  0.002665  0.002665  0.000000  0.000000
1.330300(1.334660)  0.625600(0.622883)  1.646400(1.649399)  0.004609  0.005949  0.000000  0.000000
1.316000(1.316292)  0.625400(0.623604)  1.630200(1.630103)  0.003908  0.001823  -0.005041  0.005041
1.306600(1.306031)  0.625600(0.627554)  1.619600(1.620197)  0.003546  0.002121  -0.000631  0.005672
1.299100(1.297914)  0.625700(0.627099)  1.611800(1.611795)  0.003276  0.001834  -0.000869  0.006541
1.292200(1.290410)  0.625600(0.627100)  1.604100(1.601245)  0.003349  0.003688  -0.002607  0.009148
1.283000(1.282464)  0.625700(0.624158)  1.593300(1.595897)  0.003310  0.003067  0.004168  0.013316
1.275700(1.276544)  0.625600(0.621796)  1.585300(1.585605)  0.003390  0.003909  -0.001275  0.014591
1.268300(1.267288)  0.625500(0.625600)  1.577000(1.574025)  0.003364  0.003144  -0.004185  0.018776
1.258200(1.257259)  0.625100(0.627556)  1.566100(1.564634)  0.003330  0.003012  0.000987  0.019764
1.243400(1.236904)  0.624400(0.635577)  1.550800(1.547357)  0.005134  0.013378  -0.006579  0.026343
1.233600(1.227180)  0.624400(0.638035)  1.540700(1.541978)  0.006574  0.015125  0.002692  0.029035
1.219000(1.211846)  0.624500(0.625307)  1.523600(1.524531)  0.006629  0.007259  -0.004001  0.033036
1.208900(1.202370)  0.624500(0.628365)  1.511600(1.514588)  0.006750  0.008155  0.001613  0.034649
1.201200(1.196182)  0.624700(0.622985)  1.502000(1.503272)  0.006671  0.005453  -0.001667  0.036316
1.193700(1.187494)  0.624800(0.626181)  1.492900(1.490753)  0.006674  0.006710  -0.003777  0.040093
1.184300(1.177650)  0.625200(0.622821)  1.480300(1.482104)  0.006712  0.007289  0.002197  0.042290
1.177200(1.166087)  0.625200(0.624100)  1.471300(1.472956)  0.007044  0.011289  -0.003336  0.045626
1.170700(1.155252)  0.625000(0.619491)  1.462700(1.467181)  0.007888  0.017002  -0.002333  0.047959
1.162200(1.146940)  0.624400(0.616739)  1.451300(1.458940)  0.008753  0.018707  0.002209  0.050167
1.150100(1.126014)  0.622600(0.606915)  1.434300(1.450230)  0.011153  0.032863  -0.003760  0.053927
1.142400(1.122438)  0.621500(0.609805)  1.423300(1.437432)  0.012335  0.027111  -0.000127  0.054054
1.137100(1.117253)  0.621100(0.609657)  1.415100(1.425631)  0.013159  0.025214  -0.003119  0.057173
1.132200(1.114387)  0.620900(0.615520)  1.407800(1.409120)  0.013433  0.018654  -0.008960  0.066133
1.125700(1.110802)  0.620600(0.605397)  1.397900(1.400563)  0.013844  0.021452  -0.001884  0.068017
1.121100(1.104270)  0.620800(0.607988)  1.390600(1.392265)  0.014198  0.021217  -0.002243  0.070260
1.116500(1.099846)  0.620900(0.601789)  1.383600(1.384309)  0.014763  0.025359  -0.002637  0.072897
1.107400(1.087769)  0.621800(0.603938)  1.367800(1.371435)  0.015355  0.026789  0.000473  0.073370
1.104500(1.078082)  0.622100(0.608562)  1.362900(1.373198)  0.016177  0.031420  -0.005177  0.078547
1.101900(1.076661)  0.622200(0.626958)  1.359100(1.365679)  0.016625  0.026513  -0.015318  0.093865
1.100900(1.083455)  0.622900(0.633583)  1.358200(1.352966)  0.016789  0.021115  -0.014348  0.108213
1.100300(1.081711)  0.623800(0.637561)  1.358500(1.352672)  0.017054  0.023851  -0.003231  0.111444
1.101100(1.078325)  0.624000(0.643134)  1.361500(1.360257)  0.017575  0.029772  -0.006891  0.118335
1.103000(1.081336)  0.623700(0.643403)  1.365100(1.363856)  0.018030  0.029310  -0.000618  0.118954
1.105200(1.085252)  0.623200(0.648484)  1.369900(1.366351)  0.018595  0.032401  -0.001580  0.120533
1.109600(1.090325)  0.622700(0.650756)  1.378500(1.370985)  0.019233  0.034859  0.002437  0.122970
1.113200(1.095977)  0.622700(0.652393)  1.386000(1.377007)  0.019848  0.035485  -0.000100  0.123070
1.117200(1.102472)  0.622500(0.648561)  1.394100(1.386186)  0.020219  0.030963  -0.002843  0.125914
1.123500(1.109820)  0.622300(0.650621)  1.405800(1.394049)  0.020670  0.033576  0.002333  0.128247
1.128400(1.118973)  0.622300(0.652442)  1.415100(1.400270)  0.021142  0.034890  -0.000704  0.128951
1.133700(1.128748)  0.622300(0.654468)  1.424900(1.406487)  0.021684  0.037394  -0.000619  0.129570
1.141100(1.137989)  0.622900(0.655370)  1.438200(1.414048)  0.022321  0.040587  0.003258  0.132828
1.147300(1.145037)  0.623300(0.658693)  1.449200(1.424322)  0.023028  0.043321  -0.000261  0.133090
1.153500(1.155023)  0.623600(0.655909)  1.459800(1.435801)  0.023560  0.040276  -0.003183  0.136273
1.162700(1.163930)  0.624000(0.654897)  1.474000(1.446855)  0.024091  0.041146  0.002692  0.138964
1.169500(1.169863)  0.623900(0.651393)  1.484100(1.461700)  0.024395  0.035465  -0.004190  0.143154
1.176900(1.172835)  0.623600(0.666929)  1.494600(1.477751)  0.025076  0.046668  -0.009686  0.152840
1.187100(1.182427)  0.623300(0.673672)  1.509500(1.489031)  0.026033  0.054572  0.001788  0.154628
1.195000(1.194113)  0.623100(0.673759)  1.520400(1.498627)  0.026944  0.055147  -0.001658  0.156286
1.203300(1.203265)  0.623300(0.677968)  1.532000(1.508665)  0.027966  0.059439  0.000044  0.156330
1.213800(1.213080)  0.623900(0.681468)  1.547100(1.514565)  0.029198  0.066130  0.006427  0.162756
1.221400(1.224908)  0.624800(0.678714)  1.558400(1.524824)  0.030231  0.063612  -0.002249  0.165006
1.229200(1.234479)  0.625700(0.671962)  1.569000(1.534901)  0.030976  0.057713  -0.002260  0.167266
1.239000(1.241137)  0.627100(0.676634)  1.583000(1.544643)  0.031852  0.062685  0.004455  0.171721
1.246100(1.248175)  0.627900(0.677187)  1.593200(1.558893)  0.032584  0.060087  -0.003449  0.175170
1.253500(1.256274)  0.628400(0.675702)  1.603200(1.571817)  0.033173  0.056834  -0.002873  0.178044
1.263600(1.263608)  0.628900(0.678721)  1.616100(1.583205)  0.033818  0.059701  0.002513  0.180557
1.270500(1.271806)  0.628800(0.678220)  1.625400(1.593376)  0.034406  0.058903  -0.001493  0.182050
1.277500(1.279846)  0.628800(0.677625)  1.634100(1.601649)  0.034958  0.058672  -0.000385  0.182435
1.286600(1.287128)  0.628600(0.677075)  1.645100(1.611150)  0.035498  0.059184  0.002295  0.184730
1.293000(1.294792)  0.628300(0.675599)  1.652600(1.617963)  0.035997  0.058652  -0.000496  0.185226
1.300900(1.300692)  0.627700(0.674821)  1.661500(1.627092)  0.036467  0.058347  0.001018  0.186244
1.307400(1.306169)  0.626900(0.674528)  1.668300(1.638156)  0.036867  0.056379  -0.002909  0.189152
1.313500(1.311272)  0.625900(0.672267)  1.674500(1.650388)  0.037158  0.052309  -0.004690  0.193843
1.319700(1.315258)  0.624600(0.672775)  1.680400(1.663239)  0.037416  0.051333  -0.004808  0.198650
1.328200(1.319116)  0.622800(0.675909)  1.688300(1.672217)  0.037771  0.056229  0.001481  0.200131
1.335100(1.326323)  0.621600(0.679305)  1.694700(1.678337)  0.038213  0.060619  -0.000558  0.200690
1.341600(1.334082)  0.620900(0.684006)  1.700900(1.681602)  0.038777  0.066418  -0.000632  0.201322
1.351100(1.340863)  0.620800(0.696048)  1.710700(1.685615)  0.039680  0.079977  -0.000742  0.202063
1.358500(1.350602)  0.620900(0.691452)  1.717600(1.690135)  0.040433  0.076120  -0.001561  0.203624
1.365500(1.355978)  0.621400(0.698798)  1.724200(1.699422)  0.041305  0.081824  -0.003371  0.206995
1.374200(1.362611)  0.622500(0.704792)  1.732500(1.708659)  0.042264  0.086457  -0.000780  0.207775
1.380700(1.371020)  0.623900(0.704970)  1.738100(1.713944)  0.043140  0.085144  -0.001240  0.209016
1.386600(1.376819)  0.625500(0.707032)  1.742900(1.719837)  0.043980  0.085294  -0.000749  0.209765
1.392900(1.384591)  0.628100(0.706043)  1.748100(1.723170)  0.044706  0.082253  0.000058  0.209823
1.396300(1.388700)  0.630200(0.703611)  1.750800(1.726816)  0.045294  0.077602  -0.001185  0.211008
1.398700(1.390320)  0.632100(0.696594)  1.752100(1.732623)  0.045659  0.067890  -0.005925  0.216933
1.399500(1.393019)  0.634400(0.694401)  1.751900(1.731933)  0.045933  0.063567  -0.001102  0.218035
1.398300(1.392313)  0.635700(0.693030)  1.750500(1.731666)  0.046149  0.060640  0.000691  0.218726
1.396000(1.392245)  0.636600(0.684185)  1.747900(1.727893)  0.046223  0.051756  -0.006030  0.224756
1.390500(1.389469)  0.637400(0.681953)  1.742200(1.722540)  0.046254  0.048709  0.001531  0.226288
1.385100(1.384043)  0.637200(0.678355)  1.736700(1.717128)  0.046246  0.045584  -0.000756  0.227044
1.378800(1.378205)  0.636900(0.675870)  1.730400(1.708395)  0.046229  0.044758  -0.001880  0.228924
1.369000(1.368519)  0.635800(0.676114)  1.721200(1.701685)  0.046212  0.044791  0.001701  0.230625
1.360600(1.360041)  0.634400(0.664138)  1.712800(1.693717)  0.046099  0.035339  -0.004735  0.235360
1.351800(1.351358)  0.632500(0.658051)  1.703800(1.683268)  0.045966  0.032781  -0.002157  0.237517
1.339200(1.337524)  0.630400(0.660669)  1.691700(1.670183)  0.045875  0.037175  -0.001627  0.239144
1.329800(1.325630)  0.628200(0.657609)  1.682300(1.660153)  0.045784  0.037050  -0.002382  0.241526
1.320400(1.313110)  0.626100(0.656196)  1.672400(1.649392)  0.045709  0.038578  -0.002757  0.244283
1.308700(1.299934)  0.623500(0.657481)  1.660100(1.635349)  0.045680  0.042944  -0.002126  0.246408
1.300100(1.288249)  0.621800(0.662234)  1.651100(1.622812)  0.045738  0.050750  -0.005222  0.251630
1.291400(1.278069)  0.620200(0.663478)  1.642600(1.610976)  0.045852  0.055234  -0.003393  0.255023
1.279700(1.270338)  0.618200(0.660230)  1.630400(1.600609)  0.045927  0.052361  0.003687  0.258710
1.271300(1.258545)  0.617200(0.665436)  1.621500(1.588578)  0.046096  0.059777  -0.005354  0.264064
1.262700(1.248543)  0.616500(0.665965)  1.612900(1.579730)  0.046281  0.061217  -0.001182  0.265246
1.251400(1.240498)  0.615800(0.668391)  1.601200(1.567302)  0.046494  0.063512  0.001279  0.266525
1.242700(1.228916)  0.615500(0.671826)  1.592300(1.557551)  0.046760  0.067602  -0.003076  0.269600
1.234000(1.218676)  0.615500(0.671376)  1.583500(1.549227)  0.047015  0.067317  -0.000830  0.270430
1.222500(1.208141)  0.615900(0.676929)  1.571600(1.537573)  0.047323  0.071334  -0.000109  0.270539
1.213500(1.197656)  0.616300(0.676369)  1.562100(1.529158)  0.047608  0.070317  -0.000364  0.270902
1.193200(1.182055)  0.618500(0.683650)  1.539900(1.501452)  0.047979  0.076466  -0.002457  0.273359
1.184200(1.175115)  0.620000(0.677694)  1.529900(1.492007)  0.048238  0.069621  0.000390  0.273749
1.175400(1.163105)  0.621800(0.678726)  1.520100(1.479094)  0.048514  0.071226  -0.004371  0.278120
1.163700(1.152713)  0.624700(0.676591)  1.506900(1.472388)  0.048677  0.063281  0.005324  0.283444
1.155500(1.143659)  0.627000(0.674879)  1.496900(1.460904)  0.048810  0.061060  -0.001588  0.285032
1.147400(1.137532)  0.629300(0.669012)  1.486600(1.451595)  0.048860  0.053850  0.000709  0.285742
1.137900(1.127085)  0.632200(0.668547)  1.473000(1.444848)  0.048845  0.047229  0.004397  0.290138
1.130900(1.117275)  0.633800(0.665344)  1.462800(1.436760)  0.048795  0.043113  -0.000638  0.290776
1.124600(1.106567)  0.635000(0.664334)  1.452400(1.428648)  0.048736  0.041831  -0.001253  0.292030
1.116500(1.096900)  0.636300(0.664807)  1.439000(1.419946)  0.048659  0.039495  0.002697  0.294726
1.110500(1.085924)  0.637000(0.663991)  1.429200(1.413563)  0.048586  0.039711  -0.001210  0.295937
1.105100(1.075935)  0.637200(0.663346)  1.419500(1.406965)  0.048525  0.041126  -0.000886  0.296822
1.097700(1.067954)  0.636700(0.660490)  1.406900(1.399214)  0.048448  0.038857  0.003135  0.299957
1.092500(1.057771)  0.636300(0.666550)  1.398000(1.393873)  0.048429  0.046241  -0.002683  0.302639
1.088600(1.049622)  0.635200(0.668537)  1.390300(1.387718)  0.048455  0.051355  -0.001702  0.304342
1.083300(1.041585)  0.634500(0.673220)  1.380700(1.382622)  0.048534  0.056948  0.000382  0.304723
1.080300(1.036812)  0.633800(0.671098)  1.374300(1.375948)  0.048616  0.057315  -0.001372  0.306095
1.075900(1.033630)  0.633100(0.665741)  1.366200(1.368534)  0.048659  0.053457  -0.000440  0.306535
1.073300(1.029965)  0.632900(0.667629)  1.361000(1.363704)  0.048722  0.055600  -0.000532  0.307068
1.071600(1.026073)  0.632100(0.662119)  1.356800(1.358436)  0.048773  0.054557  -0.003958  0.311026
1.070700(1.021854)  0.631600(0.669630)  1.354400(1.356121)  0.048896  0.061928  -0.006309  0.317335
1.071300(1.012630)  0.631300(0.677772)  1.354400(1.362988)  0.049171  0.075337  -0.013420  0.330756
1.073100(1.009170)  0.631100(0.680176)  1.356600(1.374636)  0.049534  0.082588  -0.009536  0.340292
1.075400(1.009636)  0.630800(0.680278)  1.360300(1.380947)  0.049918  0.084848  -0.001962  0.342254
1.080200(1.014441)  0.630300(0.683597)  1.368100(1.385881)  0.050317  0.086493  0.001527  0.343781
1.084500(1.024181)  0.629800(0.683844)  1.375200(1.388004)  0.050646  0.081994  -0.001656  0.345437
1.089500(1.033354)  0.629000(0.682167)  1.383400(1.393112)  0.050918  0.077932  -0.000996  0.346433
1.096800(1.042658)  0.628000(0.681412)  1.394800(1.398923)  0.051164  0.076166  0.002579  0.349012
1.103200(1.049642)  0.627100(0.689099)  1.404400(1.408579)  0.051474  0.082035  -0.002608  0.351620
1.110500(1.060755)  0.626200(0.685884)  1.414500(1.417071)  0.051727  0.077739  -0.001856  0.353476
1.120700(1.069404)  0.625000(0.689612)  1.427900(1.425823)  0.052031  0.082525  0.004025  0.357501
1.128800(1.081892)  0.624200(0.691262)  1.438500(1.433632)  0.052323  0.081984  -0.001455  0.358957
1.137400(1.097289)  0.623500(0.695202)  1.449300(1.440342)  0.052616  0.082646  -0.003429  0.362386
1.149200(1.110709)  0.622600(0.693868)  1.464000(1.449014)  0.052900  0.082372  0.002838  0.365224
1.158500(1.118018)  0.621700(0.702909)  1.475900(1.462610)  0.053292  0.091708  -0.002759  0.367984
1.168000(1.133289)  0.620700(0.702444)  1.488400(1.468808)  0.053665  0.090944  -0.000756  0.368739
1.181300(1.147117)  0.619100(0.696939)  1.504900(1.481185)  0.053998  0.088260  0.001897  0.370636
1.190900(1.154442)  0.618100(0.701761)  1.517500(1.493182)  0.054399  0.094444  0.001011  0.371647
1.201200(1.163716)  0.617300(0.703245)  1.530600(1.504714)  0.054827  0.097271  0.001810  0.373457
1.214000(1.178861)  0.616200(0.691640)  1.547000(1.521965)  0.055123  0.086907  -0.004889  0.378346
1.223400(1.185374)  0.615100(0.695439)  1.558900(1.535014)  0.055471  0.092037  0.000133  0.378479
1.232400(1.193563)  0.614700(0.697059)  1.571000(1.552224)  0.055823  0.092972  -0.004042  0.382521
1.244300(1.206269)  0.614000(0.694290)  1.585600(1.562796)  0.056154  0.091722  0.002090  0.384611
1.253000(1.218013)  0.613800(0.691818)  1.595900(1.570679)  0.056450  0.089146  -0.000876  0.385487
1.261100(1.224436)  0.613400(0.699172)  1.606100(1.581019)  0.056824  0.096592  -0.001190  0.386676
1.272100(1.233519)  0.613800(0.703587)  1.619700(1.589327)  0.057259  0.102337  0.004419  0.391095
1.279400(1.243181)  0.614100(0.698466)  1.628700(1.599001)  0.057616  0.096495  -0.003009  0.394104
1.287200(1.251071)  0.614500(0.701492)  1.637900(1.607109)  0.057996  0.099101  0.000357  0.394462
1.296700(1.257669)  0.615500(0.704917)  1.649600(1.616540)  0.058414  0.103014  0.003096  0.397558
1.302900(1.266083)  0.616700(0.711860)  1.657900(1.622673)  0.058882  0.107944  -0.002086  0.399644
1.308800(1.276378)  0.618300(0.699158)  1.664800(1.627307)  0.059192  0.094842  -0.007775  0.407419
1.314200(1.282521)  0.621200(0.700144)  1.672500(1.631853)  0.059491  0.094275  0.002136  0.409555
1.316100(1.288377)  0.623800(0.695881)  1.676500(1.633549)  0.059725  0.088368  -0.002304  0.411859
1.317400(1.292389)  0.627300(0.697232)  1.679600(1.635210)  0.059938  0.086524  0.000305  0.412164
1.318500(1.297145)  0.632200(0.691829)  1.681600(1.636306)  0.060070  0.077866  -0.001875  0.414039
1.318500(1.297683)  0.635700(0.693098)  1.682100(1.635273)  0.060194  0.076946  0.001813  0.415852
1.318900(1.297249)  0.638900(0.699623)  1.682100(1.634815)  0.060340  0.079950  -0.003331  0.419183
1.318000(1.300622)  0.641900(0.692400)  1.680100(1.630643)  0.060427  0.072789  -0.005282  0.424465
1.318000(1.299345)  0.643100(0.693460)  1.677800(1.629472)  0.060508  0.072248  0.000563  0.425028
1.317600(1.298593)  0.643900(0.694034)  1.675300(1.628239)  0.060582  0.071340  0.001101  0.426129
1.317400(1.297842)  0.644200(0.690382)  1.671500(1.626305)  0.060628  0.067512  -0.000383  0.426512
1.317200(1.296403)  0.644000(0.686578)  1.668500(1.625970)  0.060647  0.063672  -0.001068  0.427579
1.316200(1.294889)  0.643200(0.689498)  1.665300(1.623443)  0.060681  0.065952  -0.000701  0.428281
1.316100(1.295026)  0.643200(0.688774)  1.662900(1.620164)  0.060714  0.065935  -0.000959  0.429239
1.315400(1.296032)  0.643400(0.690935)  1.660800(1.616118)  0.060761  0.068053  -0.002474  0.431713
1.314500(1.296541)  0.644200(0.696615)  1.659100(1.610964)  0.060845  0.073396  -0.005603  0.437316
1.314400(1.296227)  0.647400(0.697020)  1.657000(1.608135)  0.060918  0.071973  0.000954  0.438270
1.312900(1.295917)  0.651500(0.699133)  1.655500(1.603443)  0.060994  0.072576  -0.000539  0.438809
1.311100(1.298239)  0.659300(0.701770)  1.653500(1.596748)  0.061065  0.072041  0.000690  0.439499
1.309700(1.303491)  0.667000(0.704775)  1.652000(1.588699)  0.061149  0.073977  -0.002102  0.441601
1.307900(1.304130)  0.676500(0.702920)  1.650000(1.585482)  0.061203  0.069819  0.006106  0.447706
1.306100(1.305742)  0.686900(0.708377)  1.648400(1.574805)  0.061305  0.076665  -0.001424  0.449130
1.303700(1.308181)  0.701100(0.712333)  1.646400(1.567051)  0.061431  0.080266  0.005499  0.454629
1.301700(1.312205)  0.712600(0.712488)  1.644600(1.559348)  0.061599  0.085897  0.003119  0.457748
1.298900(1.319353)  0.728100(0.713396)  1.641500(1.555767)  0.061793  0.089357  0.008007  0.465755
1.297300(1.320031)  0.739800(0.720666)  1.639400(1.545455)  0.062064  0.098532  -0.000642  0.466397
1.296400(1.321982)  0.751500(0.731909)  1.637300(1.528727)  0.062471  0.113254  -0.008328  0.474725
1.295200(1.327379)  0.763000(0.730186)  1.635000(1.524617)  0.062936  0.119568  0.004790  0.479515
1.294200(1.329634)  0.777700(0.730063)  1.631100(1.518290)  0.063479  0.127479  0.008524  0.488039
1.293500(1.334469)  0.788500(0.735149)  1.628000(1.521962)  0.063991  0.125574  0.003337  0.491376
1.293100(1.336262)  0.799300(0.740163)  1.625100(1.513991)  0.064576  0.133061  0.001604  0.492980
1.292800(1.340503)  0.813800(0.748758)  1.621500(1.502881)  0.065270  0.143445  0.000270  0.493250
1.293100(1.345081)  0.824900(0.755673)  1.618800(1.491405)  0.066080  0.154025  -0.002731  0.495981
1.293300(1.353535)  0.836100(0.774711)  1.616600(1.485877)  0.066902  0.156477  -0.010136  0.506117
1.293800(1.359177)  0.851200(0.786340)  1.614600(1.467550)  0.067930  0.173508  -0.007187  0.513304
1.294700(1.362445)  0.862500(0.790515)  1.613600(1.452706)  0.069147  0.188833  -0.004382  0.517686
1.295100(1.369344)  0.874100(0.788226)  1.612100(1.448285)  0.070485  0.199304  0.003196  0.520882
1.295100(1.371149)  0.889700(0.794030)  1.609900(1.435258)  0.071996  0.213157  0.001379  0.522261
1.295400(1.371455)  0.901000(0.794239)  1.608200(1.430007)  0.073586  0.221213  0.006167  0.528428
1.296100(1.376651)  0.912300(0.798184)  1.606500(1.418471)  0.075334  0.234234  -0.001804  0.530232
1.297000(1.368272)  0.926000(0.804471)  1.604800(1.408531)  0.077143  0.241600  -0.000607  0.530839
1.297100(1.364146)  0.935700(0.808572)  1.604100(1.401373)  0.079005  0.248506  0.000502  0.531341
1.297900(1.368566)  0.944100(0.813390)  1.603600(1.396688)  0.080905  0.254738  0.000409  0.531750
1.299800(1.366280)  0.953300(0.819308)  1.603700(1.393707)  0.082792  0.257819  0.002385  0.534135
1.306500(1.366298)  0.960700(0.825741)  1.610100(1.391955)  0.084706  0.263395  0.005191  0.539326
1.306800(1.370118)  0.960000(0.829598)  1.610800(1.392292)  0.086541  0.262221  -0.004405  0.543731
1.307300(1.371260)  0.958800(0.835642)  1.611200(1.392750)  0.088268  0.258803  -0.004808  0.548539
1.307800(1.372332)  0.957700(0.834702)  1.611700(1.397613)  0.089894  0.255198  -0.003760  0.552298
1.308200(1.381253)  0.956200(0.826914)  1.612100(1.406658)  0.091450  0.253491  -0.013298  0.565597
1.309300(1.392800)  0.951600(0.829211)  1.613500(1.405237)  0.092995  0.255587  -0.006927  0.572524
1.309900(1.391533)  0.945200(0.826202)  1.614500(1.409933)  0.094429  0.250344  0.000786  0.573310
1.309900(1.397116)  0.938000(0.814759)  1.614900(1.416434)  0.095815  0.249367  -0.007085  0.580395
1.310200(1.400651)  0.926600(0.815094)  1.615400(1.419604)  0.097086  0.242798  0.006654  0.587049
1.310900(1.391479)  0.916700(0.808985)  1.616100(1.427583)  0.098196  0.231590  -0.003657  0.590706
1.310400(1.400502)  0.906300(0.801064)  1.615800(1.436675)  0.099224  0.226448  -0.004644  0.595350
1.310600(1.409117)  0.891800(0.797329)  1.614300(1.443032)  0.100152  0.219005  0.003240  0.598590
1.311000(1.408727)  0.880200(0.800813)  1.613400(1.449340)  0.100939  0.206805  0.004425  0.603015
1.310500(1.409445)  0.868200(0.810052)  1.613300(1.467347)  0.101516  0.185671  -0.008240  0.611255
1.310200(1.414226)  0.850900(0.802263)  1.613300(1.479670)  0.102003  0.176193  0.001960  0.613215
1.310100(1.414276)  0.837800(0.793137)  1.613100(1.496012)  0.102379  0.162963  -0.005615  0.618830
1.309800(1.410315)  0.824400(0.795229)  1.613100(1.502941)  0.102671  0.151951  0.005153  0.623983
1.309700(1.413065)  0.806500(0.789966)  1.613200(1.510977)  0.102920  0.146312  0.007908  0.631891
1.309900(1.409355)  0.793300(0.779481)  1.613400(1.520173)  0.103107  0.137017  -0.001228  0.633118
1.310100(1.402455)  0.780300(0.776150)  1.614100(1.527393)  0.103230  0.126747  0.002492  0.635610
1.311200(1.395785)  0.763200(0.772005)  1.615600(1.533182)  0.103305  0.118426  0.007445  0.643055
1.311900(1.391852)  0.750700(0.766539)  1.616800(1.542277)  0.103340  0.110439  0.001261  0.644316
1.312600(1.386943)  0.738400(0.759388)  1.617700(1.549988)  0.103337  0.102724  0.000747  0.645063
1.313400(1.382373)  0.722600(0.753734)  1.618700(1.556035)  0.103314  0.098252  0.006396  0.651459
1.314100(1.377218)  0.711200(0.748004)  1.618700(1.562536)  0.103266  0.092157  0.001338  0.652797
1.314000(1.370264)  0.699600(0.741840)  1.618300(1.568766)  0.103194  0.086043  0.000419  0.653217
1.314200(1.365978)  0.683700(0.735175)  1.617000(1.573191)  0.103120  0.085146  0.006878  0.660095
1.313700(1.357842)  0.671800(0.730767)  1.615600(1.577714)  0.103037  0.082831  0.001693  0.661788
1.312900(1.350184)  0.659800(0.729126)  1.614600(1.581708)  0.102964  0.085312  0.003277  0.665064
1.311500(1.343120)  0.643400(0.721868)  1.612600(1.587599)  0.102903  0.088217  0.004864  0.669928
1.310300(1.334267)  0.630900(0.716612)  1.610600(1.592972)  0.102852  0.090729  0.001102  0.671030
1.308300(1.323045)  0.617900(0.708986)  1.608400(1.601565)  0.102809  0.092524  -0.002725  0.673755
1.306100(1.311511)  0.600500(0.706211)  1.605700(1.607406)  0.102823  0.105863  0.004522  0.678278
1.304400(1.309522)  0.587500(0.697010)  1.603300(1.609305)  0.102854  0.109794  0.003725  0.682003
1.301700(1.296657)  0.574400(0.694114)  1.600700(1.614634)  0.102939  0.120628  -0.000597  0.682600
1.298900(1.286868)  0.557200(0.687715)  1.597500(1.618859)  0.103087  0.132797  0.005284  0.687884
1.296700(1.276642)  0.544900(0.683711)  1.595200(1.622680)  0.103293  0.142919  0.001077  0.688960
1.294600(1.266772)  0.533000(0.677131)  1.592800(1.629278)  0.103547  0.151258  -0.001254  0.690214
1.291900(1.253959)  0.517900(0.671976)  1.590000(1.635333)  0.103889  0.165027  0.000513  0.690727
1.290400(1.242721)  0.507100(0.675874)  1.588300(1.643247)  0.104360  0.183786  -0.003252  0.693979
1.288800(1.237625)  0.496400(0.664476)  1.586500(1.644591)  0.104835  0.185049  -0.001590  0.695569
1.287600(1.225690)  0.483000(0.664770)  1.584700(1.650577)  0.105444  0.203010  0.000218  0.695787
1.287000(1.216078)  0.473300(0.664579)  1.584000(1.656408)  0.106157  0.216473  -0.001500  0.697287
1.286400(1.210270)  0.460400(0.662329)  1.583600(1.657727)  0.106961  0.228179  0.006553  0.703840
1.286100(1.201583)  0.451000(0.655965)  1.583200(1.665335)  0.107827  0.236431  -0.003772  0.707612
1.286000(1.194835)  0.440800(0.649121)  1.582900(1.669354)  0.108742  0.243276  -0.000213  0.707825
1.285900(1.185867)  0.426900(0.645287)  1.582300(1.674379)  0.109774  0.257251  0.002942  0.710766
1.286000(1.180510)  0.415700(0.634271)  1.581600(1.678802)  0.110829  0.261437  -0.001802  0.712568
1.286000(1.172424)  0.404300(0.630949)  1.580400(1.678802)  0.111968  0.271942  0.002721  0.715289
1.286100(1.158694)  0.389200(0.632835)  1.579200(1.684232)  0.113316  0.294316  0.000263  0.715552
1.286200(1.148945)  0.378400(0.629028)  1.578200(1.687388)  0.114761  0.305901  -0.000085  0.715637
1.286300(1.143780)  0.367700(0.621670)  1.576800(1.687373)  0.116237  0.311511  0.001802  0.717440
1.286200(1.137127)  0.354300(0.617661)  1.574700(1.686400)  0.117803  0.322581  0.005735  0.723175
1.286300(1.127625)  0.344900(0.626561)  1.574000(1.687038)  0.119560  0.342474  -0.003609  0.726784
1.286200(1.119890)  0.336600(0.627139)  1.573500(1.691351)  0.121421  0.354909  -0.000559  0.727343
1.286200(1.117748)  0.327100(0.616040)  1.572500(1.692571)  0.123244  0.355358  -0.001817  0.729160
1.286400(1.110407)  0.321000(0.619701)  1.572300(1.694512)  0.125168  0.367603  -0.002324  0.731484
1.286200(1.105106)  0.316100(0.620751)  1.572200(1.697209)  0.127143  0.375811  -0.001134  0.732617
1.286400(1.104289)  0.311300(0.617984)  1.572100(1.696208)  0.129093  0.377654  0.001752  0.734369
1.286400(1.101762)  0.308800(0.617228)  1.571800(1.697377)  0.131036  0.380774  -0.000367  0.734735
1.286400(1.097584)  0.307400(0.618260)  1.571600(1.699744)  0.132989  0.385625  -0.003498  0.738233
1.286700(1.099603)  0.307700(0.620384)  1.571400(1.696322)  0.134895  0.385204  -0.004036  0.742269
1.286900(1.099898)  0.309100(0.618970)  1.570900(1.694380)  0.136729  0.382409  -0.000920  0.743189
1.286900(1.104259)  0.311900(0.622798)  1.570100(1.690263)  0.138500  0.380072  -0.004203  0.747392
1.287100(1.113752)  0.317900(0.622566)  1.569000(1.681776)  0.140113  0.368225  -0.006632  0.754024
1.287000(1.119957)  0.324000(0.627401)  1.568400(1.676070)  0.141641  0.362696  -0.003588  0.757612
1.287300(1.123964)  0.330800(0.626907)  1.568000(1.679263)  0.143077  0.356002  0.001671  0.759283
1.287400(1.127552)  0.340700(0.623918)  1.567200(1.680250)  0.144379  0.344303  0.005161  0.764443
1.287600(1.132039)  0.348900(0.631905)  1.567200(1.676473)  0.145629  0.340927  -0.001706  0.766150
1.288000(1.137862)  0.357500(0.635521)  1.567500(1.673445)  0.146793  0.333259  0.001122  0.767271
1.288200(1.151302)  0.370200(0.638923)  1.568000(1.666837)  0.147808  0.317367  -0.002647  0.769918
1.288400(1.157100)  0.379900(0.637295)  1.568600(1.669805)  0.148719  0.306161  0.003007  0.772926
1.288400(1.159327)  0.389600(0.642082)  1.569000(1.668088)  0.149574  0.300376  0.004156  0.777082
1.288400(1.169506)  0.404100(0.647467)  1.570200(1.663494)  0.150317  0.286474  0.002151  0.779233
1.288100(1.179459)  0.414800(0.642742)  1.570300(1.666326)  0.150939  0.270150  -0.000671  0.779904
1.288100(1.182445)  0.426000(0.644182)  1.570300(1.662626)  0.151484  0.259404  0.006232  0.786136
1.288000(1.192865)  0.441400(0.662956)  1.571300(1.650986)  0.151989  0.253944  -0.008991  0.795127
1.287800(1.201351)  0.452700(0.661234)  1.571500(1.651402)  0.152402  0.239466  0.002635  0.797762
1.287600(1.215432)  0.464700(0.669294)  1.571800(1.633996)  0.152735  0.225688  -0.011790  0.809552
1.287400(1.231773)  0.481900(0.680224)  1.573000(1.619579)  0.152989  0.211179  -0.007136  0.816688
1.287500(1.238710)  0.495100(0.681453)  1.574200(1.618678)  0.153175  0.197703  0.006152  0.822840
1.287700(1.242239)  0.508700(0.682965)  1.575400(1.614417)  0.153299  0.184275  0.007920  0.830760
1.287800(1.251259)  0.527000(0.677770)  1.576600(1.617166)  0.153325  0.160351  0.007574  0.838334
1.287800(1.254638)  0.540300(0.681093)  1.577300(1.615765)  0.153312  0.149673  0.008376  0.846710
1.288000(1.261134)  0.554300(0.692211)  1.578500(1.609154)  0.153279  0.143808  -0.000421  0.847131
1.288000(1.280543)  0.572600(0.692128)  1.579400(1.598844)  0.153177  0.121329  -0.003656  0.850787
1.287900(1.284982)  0.586200(0.695369)  1.579700(1.590697)  0.153044  0.109760  0.003777  0.854564
1.288000(1.290859)  0.600700(0.701017)  1.580300(1.583172)  0.152890  0.100399  0.003419  0.857983
1.287900(1.296526)  0.618900(0.699092)  1.580500(1.581675)  0.152695  0.080664  0.012032  0.870015
1.287900(1.294904)  0.632300(0.702452)  1.580700(1.579234)  0.152483  0.070516  0.008943  0.878957
1.288500(1.301915)  0.645400(0.702862)  1.580500(1.577343)  0.152255  0.059092  0.005842  0.884799
1.288600(1.302191)  0.662000(0.700376)  1.580200(1.573864)  0.152009  0.041201  0.012318  0.897117
1.288700(1.302728)  0.674300(0.709020)  1.580100(1.573430)  0.151760  0.038036  0.003629  0.900746
1.288800(1.313124)  0.686800(0.714210)  1.580200(1.563220)  0.151515  0.040389  -0.002967  0.903713
1.289200(1.328834)  0.703300(0.724169)  1.580500(1.545729)  0.151290  0.056704  -0.009025  0.912738
1.289800(1.335452)  0.715200(0.731729)  1.581100(1.531874)  0.151083  0.069141  -0.005185  0.917923
1.290200(1.342279)  0.727500(0.734168)  1.581700(1.526128)  0.150890  0.076453  0.003070  0.920993
1.290900(1.348305)  0.744100(0.739456)  1.582800(1.516911)  0.150718  0.087512  0.004435  0.925428
1.290900(1.346594)  0.756100(0.733472)  1.583300(1.517722)  0.150551  0.088962  0.005735  0.931163
1.290900(1.348770)  0.768700(0.728891)  1.583600(1.506186)  0.150418  0.104531  0.000001  0.931164
1.290700(1.353318)  0.786000(0.734418)  1.584100(1.493659)  0.150329  0.121496  0.002882  0.934046
1.290700(1.342070)  0.799400(0.733660)  1.585500(1.485421)  0.150266  0.130294  -0.000490  0.934536
1.290300(1.342534)  0.812500(0.737738)  1.587100(1.475921)  0.150245  0.143800  0.002855  0.937391
1.289900(1.343887)  0.830000(0.736547)  1.589600(1.471822)  0.150278  0.159749  0.013204  0.950595
1.290100(1.349854)  0.842400(0.743017)  1.591600(1.462614)  0.150361  0.173450  -0.000176  0.950771
1.289800(1.355045)  0.854500(0.746537)  1.593300(1.451440)  0.150510  0.189834  -0.000591  0.951362
1.290100(1.361004)  0.870000(0.751200)  1.594900(1.442870)  0.150726  0.205557  0.004153  0.955514
1.290800(1.370262)  0.881100(0.757629)  1.595700(1.434813)  0.150997  0.217816  -0.002704  0.958219
1.291300(1.376980)  0.891800(0.767879)  1.596900(1.425765)  0.151316  0.228002  -0.004455  0.962674
1.292400(1.381068)  0.905100(0.773344)  1.597900(1.420555)  0.151683  0.238061  0.004796  0.967470
1.293100(1.385193)  0.914100(0.781596)  1.598300(1.415897)  0.152074  0.243535  -0.001299  0.968769
1.293600(1.392405)  0.922800(0.789215)  1.598700(1.410501)  0.152503  0.251050  -0.003073  0.971842
1.294900(1.399460)  0.934000(0.794459)  1.599000(1.406543)  0.152974  0.259701  0.001638  0.973479
1.295900(1.415179)  0.942200(0.803098)  1.598700(1.400281)  0.153499  0.270087  -0.010732  0.984211
1.296700(1.416618)  0.949600(0.811565)  1.598000(1.392525)  0.154047  0.275053  -0.004097  0.988308
1.297200(1.410505)  0.957100(0.815147)  1.596700(1.389043)  0.154594  0.275881  -0.000265  0.988573
1.298000(1.409591)  0.961300(0.815643)  1.595100(1.385961)  0.155150  0.278222  0.001312  0.989885
1.297900(1.414094)  0.964100(0.811078)  1.592600(1.383350)  0.155734  0.284082  -0.003169  0.993054
1.298000(1.424270)  0.964600(0.826643)  1.589500(1.378806)  0.156298  0.281724  -0.016002  1.009056
1.298400(1.425041)  0.962700(0.825409)  1.587600(1.373987)  0.156868  0.283756  -0.002318  1.011373
1.298500(1.431257)  0.959700(0.819258)  1.585800(1.378125)  0.157433  0.283686  -0.006175  1.017548
1.298100(1.435788)  0.954900(0.824614)  1.583700(1.378252)  0.157968  0.279538  -0.001762  1.019311
1.298300(1.430598)  0.950300(0.823848)  1.583100(1.383627)  0.158450  0.270707  -0.002868  1.022178
1.298500(1.428946)  0.944100(0.823258)  1.582800(1.386195)  0.158897  0.265090  0.003101  1.025279
1.298100(1.440045)  0.934800(0.824614)  1.582900(1.387785)  0.159342  0.265253  -0.001985  1.027264
1.298000(1.456861)  0.927100(0.825761)  1.583500(1.387542)  0.159817  0.271857  -0.009133  1.036397
1.298200(1.462681)  0.918100(0.826868)  1.584500(1.389153)  0.160284  0.271178  0.002918  1.039315
1.298200(1.461077)  0.904800(0.829136)  1.586900(1.393993)  0.160707  0.263566  0.007935  1.047250
1.297800(1.479043)  0.894000(0.824009)  1.588400(1.401140)  0.161159  0.269841  -0.009092  1.056342
1.298000(1.480290)  0.883200(0.815683)  1.589800(1.411604)  0.161576  0.263708  -0.002538  1.058880
1.297800(1.483151)  0.868000(0.835936)  1.592400(1.427176)  0.161924  0.250364  -0.010285  1.069165
1.297400(1.481765)  0.856300(0.830819)  1.594100(1.440308)  0.162227  0.241437  -0.002332  1.071497
1.296400(1.483429)  0.843500(0.825289)  1.595400(1.457128)  0.162492  0.233303  -0.004879  1.076376
1.295500(1.475105)  0.825800(0.831175)  1.597700(1.469173)  0.162702  0.220921  0.002091  1.078467
1.294300(1.468725)  0.812000(0.831020)  1.599500(1.481808)  0.162872  0.211275  -0.000187  1.078654
1.292600(1.484348)  0.796600(0.823333)  1.600400(1.496161)  0.163075  0.219881  -0.007045  1.085699
1.289700(1.477441)  0.775500(0.815117)  1.600800(1.510828)  0.163244  0.211923  0.003127  1.088826
1.287500(1.465021)  0.759300(0.813273)  1.601900(1.521018)  0.163376  0.202407  0.000215  1.089041
1.285100(1.467432)  0.742900(0.802818)  1.602500(1.534615)  0.163512  0.203577  -0.000735  1.089775
1.282200(1.461343)  0.721100(0.794511)  1.602700(1.546744)  0.163639  0.201526  0.006081  1.095856
1.280100(1.451608)  0.705200(0.789983)  1.603000(1.554330)  0.163750  0.197413  0.002894  1.098751
1.278600(1.441129)  0.689600(0.784032)  1.603400(1.561817)  0.163843  0.192515  0.001489  1.100240
1.277000(1.437560)  0.669300(0.774241)  1.603500(1.571655)  0.163942  0.194438  0.006032  1.106273
1.276200(1.430825)  0.654800(0.768803)  1.603200(1.578037)  0.164038  0.193749  0.003770  1.110043
1.276000(1.422438)  0.641100(0.762645)  1.602900(1.584329)  0.164125  0.191212  0.001545  1.111588
1.275000(1.411948)  0.623100(0.755705)  1.602300(1.592119)  0.164210  0.190899  0.003242  1.114831
1.275200(1.403149)  0.610100(0.750537)  1.602200(1.597912)  0.164292  0.190031  0.001268  1.116099
1.273900(1.395408)  0.597500(0.742781)  1.601500(1.602819)  0.164371  0.189400  0.000680  1.116779
1.272600(1.383036)  0.581000(0.736597)  1.600500(1.613150)  0.164456  0.191224  -0.000683  1.117461
1.271800(1.375031)  0.568800(0.729464)  1.599200(1.620590)  0.164543  0.192164  -0.000755  1.118216
1.270700(1.366462)  0.556500(0.720236)  1.598300(1.626109)  0.164628  0.191711  -0.001368  1.119584
1.269400(1.350628)  0.539900(0.719984)  1.597000(1.638368)  0.164748  0.201840  -0.003324  1.122908
1.268700(1.345016)  0.527700(0.710331)  1.595700(1.643139)  0.164873  0.203540  0.000146  1.123055
1.268000(1.337160)  0.515000(0.707465)  1.594700(1.647584)  0.165025  0.211241  0.003288  1.126343
1.267000(1.326740)  0.497800(0.699788)  1.593300(1.656625)  0.165208  0.219951  0.001498  1.127841
1.265800(1.315977)  0.484900(0.690587)  1.592100(1.666906)  0.165408  0.224546  -0.004487  1.132329
1.264800(1.299820)  0.472100(0.680069)  1.591100(1.678772)  0.165622  0.228394  -0.009760  1.142089
1.263400(1.289048)  0.454800(0.674551)  1.589900(1.687179)  0.165887  0.241684  0.002662  1.144751
1.262200(1.282505)  0.442100(0.666893)  1.588700(1.691148)  0.166176  0.247871  0.001987  1.146738
1.260900(1.272386)  0.429600(0.661600)  1.587200(1.695470)  0.166500  0.256278  0.000445  1.147183
1.259500(1.263377)  0.413400(0.663535)  1.585400(1.701269)  0.166908  0.275696  0.005473  1.152656
1.258200(1.257847)  0.401400(0.648092)  1.583400(1.705325)  0.167310  0.275178  -0.004662  1.157319
1.257000(1.242704)  0.389700(0.643728)  1.581200(1.713504)  0.167763  0.286773  -0.005791  1.163110
1.254800(1.227120)  0.374600(0.636712)  1.578800(1.723541)  0.168281  0.300697  -0.004372  1.167482
1.253700(1.219843)  0.363500(0.631792)  1.577200(1.724101)  0.168830  0.307745  0.002467  1.169949
1.252700(1.215006)  0.352700(0.633634)  1.575800(1.723044)  0.169433  0.319414  0.005654  1.175603
1.251100(1.207421)  0.339100(0.633704)  1.574500(1.725689)  0.170109  0.334002  0.005722  1.181325
1.249800(1.196227)  0.329100(0.629703)  1.573800(1.732294)  0.170834  0.344024  -0.003492  1.184817
1.248400(1.185055)  0.320000(0.623575)  1.573400(1.737403)  0.171589  0.350810  -0.004512  1.189328
1.246300(1.173064)  0.308200(0.621889)  1.573200(1.740819)  0.172407  0.363126  -0.000595  1.189924
1.244000(1.170003)  0.300500(0.619884)  1.573000(1.740323)  0.173245  0.368074  0.004346  1.194270
1.242000(1.165886)  0.294000(0.622511)  1.573100(1.738926)  0.174120  0.375780  0.001721  1.195991
1.239900(1.160772)  0.286800(0.621637)  1.573100(1.740308)  0.175025  0.382539  0.002131  1.198122
1.238300(1.156425)  0.281900(0.616359)  1.572800(1.741540)  0.175927  0.383457  -0.001785  1.199907
1.237200(1.147613)  0.277400(0.615475)  1.572500(1.743314)  0.176853  0.389227  -0.004390  1.204298
1.236300(1.140398)  0.272500(0.617543)  1.572800(1.743969)  0.177815  0.396927  -0.002543  1.206841
1.236100(1.139569)  0.269800(0.621149)  1.573500(1.740435)  0.178790  0.400789  -0.002321  1.209162
1.236400(1.138389)  0.268000(0.624226)  1.574100(1.738451)  0.179776  0.404369  -0.001925  1.211087
1.237000(1.140778)  0.267500(0.625199)  1.574500(1.737093)  0.180753  0.404529  -0.002037  1.213124
1.237800(1.143053)  0.268400(0.621383)  1.574300(1.735888)  0.181690  0.399606  -0.003382  1.216507
1.238800(1.144157)  0.270200(0.624533)  1.574000(1.735513)  0.182624  0.400744  -0.001278  1.217785
1.240000(1.148725)  0.274300(0.622442)  1.572600(1.732286)  0.183508  0.393743  -0.001476  1.219260
1.241300(1.152547)  0.278400(0.621832)  1.571300(1.729524)  0.184353  0.388404  -0.000262  1.219522
1.242100(1.160822)  0.283800(0.624316)  1.569000(1.722307)  0.185155  0.382179  -0.005333  1.224855
1.243200(1.165595)  0.292600(0.624680)  1.566000(1.720240)  0.185907  0.374286  0.004148  1.229003
1.243800(1.170886)  0.300400(0.624174)  1.563400(1.715816)  0.186605  0.365208  0.001328  1.230331
1.244000(1.176176)  0.309200(0.632056)  1.561100(1.707895)  0.187276  0.361088  -0.003265  1.233596
1.243600(1.182992)  0.322200(0.632089)  1.558300(1.706184)  0.187880  0.348675  0.006277  1.239873
1.243200(1.187426)  0.333400(0.635318)  1.556200(1.693823)  0.188420  0.336460  -0.002122  1.241995
1.242100(1.193766)  0.345100(0.640386)  1.554800(1.690752)  0.188921  0.328653  0.003157  1.245152
1.240300(1.198104)  0.361200(0.640208)  1.552700(1.690235)  0.189352  0.313913  0.011964  1.257116
1.238600(1.202869)  0.374400(0.649397)  1.551500(1.678342)  0.189743  0.304941  -0.002404  1.259519
1.236300(1.208667)  0.388700(0.652903)  1.550300(1.674885)  0.190084  0.293408  0.006927  1.266446
1.233600(1.215759)  0.408800(0.647176)  1.548100(1.672904)  0.190331  0.269661  0.011071  1.277517
1.231800(1.221277)  0.424300(0.658390)  1.546700(1.658239)  0.190542  0.259518  -0.003601  1.281118
1.230000(1.232005)  0.440000(0.658705)  1.544800(1.657845)  0.190705  0.246201  0.005177  1.286296
1.228300(1.240333)  0.460000(0.656197)  1.541100(1.664649)  0.190823  0.232169  0.009368  1.295664
1.227200(1.244665)  0.475400(0.666913)  1.538700(1.654533)  0.190916  0.224498  0.000264  1.295928
1.226300(1.258776)  0.491500(0.676726)  1.536700(1.636939)  0.190976  0.213099  -0.008347  1.304274
1.225700(1.266824)  0.513200(0.680865)  1.534300(1.629286)  0.190991  0.197040  0.009988  1.314262
1.226000(1.275614)  0.530500(0.693289)  1.533700(1.612762)  0.190983  0.187650  -0.005151  1.319414
1.226400(1.283078)  0.548300(0.699821)  1.533700(1.605250)  0.190949  0.176891  0.005362  1.324776
1.227200(1.289460)  0.570800(0.702973)  1.534000(1.600903)  0.190879  0.160692  0.014176  1.338952
1.228300(1.296408)  0.587500(0.707411)  1.534500(1.594432)  0.190787  0.150364  0.006263  1.345215
1.229200(1.303701)  0.603900(0.713809)  1.535600(1.586716)  0.190681  0.142279  0.004065  1.349280
1.231000(1.310670)  0.625200(0.719882)  1.536800(1.585967)  0.190559  0.133152  0.012136  1.361415
1.232700(1.326245)  0.640900(0.726451)  1.537700(1.574056)  0.190435  0.131877  -0.004861  1.366277
1.233900(1.335797)  0.656600(0.737139)  1.538600(1.557341)  0.190311  0.131228  -0.006248  1.372525
1.235900(1.344058)  0.677300(0.745067)  1.539600(1.551408)  0.190182  0.128180  0.007925  1.380450
1.236800(1.353053)  0.692300(0.750421)  1.539700(1.539765)  0.190056  0.129972  -0.000629  1.381079
1.238200(1.354559)  0.706700(0.755944)  1.539500(1.527969)  0.189926  0.126875  0.001358  1.382437
1.239700(1.354988)  0.725100(0.765799)  1.539200(1.527379)  0.189790  0.122831  0.008582  1.391018
1.240500(1.364462)  0.738400(0.769539)  1.538100(1.518089)  0.189665  0.129370  -0.000417  1.391435
1.241200(1.369866)  0.751400(0.774247)  1.536600(1.506721)  0.189549  0.134051  -0.000334  1.391769
1.241900(1.375713)  0.768300(0.780897)  1.533900(1.499850)  0.189441  0.138650  0.005921  1.397690
1.242700(1.380887)  0.780700(0.788551)  1.532000(1.485639)  0.189347  0.145967  -0.004380  1.402069
1.242400(1.374206)  0.792800(0.787451)  1.529200(1.474800)  0.189248  0.142692  -0.000357  1.402426
1.242700(1.363079)  0.808500(0.776931)  1.525000(1.471300)  0.189136  0.135541  0.000547  1.402973
1.242600(1.349572)  0.820100(0.775336)  1.522400(1.466906)  0.189013  0.128555  -0.002406  1.405379
1.243300(1.339213)  0.831000(0.776536)  1.519900(1.461693)  0.188884  0.124715  -0.000453  1.405832
1.243300(1.331540)  0.845400(0.772766)  1.517100(1.456356)  0.188763  0.129429  0.004591  1.410423
1.243700(1.326663)  0.855900(0.771742)  1.515100(1.448905)  0.188653  0.135452  0.001732  1.412155
1.244600(1.324383)  0.866200(0.781197)  1.514300(1.439259)  0.188549  0.138643  -0.003328  1.415483
1.245900(1.319969)  0.879300(0.784723)  1.513600(1.433278)  0.188456  0.144508  0.004955  1.420438
1.247400(1.320723)  0.888000(0.784928)  1.513800(1.426141)  0.188381  0.153897  0.001652  1.422090
1.248900(1.312111)  0.895100(0.795895)  1.514700(1.418007)  0.188303  0.152272  -0.008831  1.430921
1.250600(1.309276)  0.902300(0.800734)  1.516700(1.416887)  0.188229  0.154017  0.001944  1.432865
1.252400(1.314714)  0.906100(0.789979)  1.517600(1.406702)  0.188193  0.172237  -0.011479  1.444344
1.253900(1.313994)  0.907700(0.789202)  1.518400(1.408179)  0.188157  0.172632  0.000517  1.444861
1.255600(1.305225)  0.906100(0.811007)  1.520300(1.417022)  0.188074  0.148902  -0.022101  1.466962
1.256200(1.312275)  0.902500(0.808724)  1.521700(1.415758)  0.187998  0.152191  -0.003608  1.470570
1.256700(1.311300)  0.896800(0.798898)  1.523400(1.421514)  0.187921  0.151481  -0.005461  1.476031
1.256800(1.318003)  0.885900(0.792095)  1.525000(1.422411)  0.187844  0.151888  0.001424  1.477455
1.256500(1.323519)  0.875500(0.793941)  1.526500(1.426761)  0.187756  0.145228  0.003248  1.480703
1.256100(1.339226)  0.863700(0.791569)  1.527600(1.427921)  0.187674  0.148488  -0.004069  1.484772
1.256200(1.350705)  0.846400(0.814758)  1.529500(1.439124)  0.187568  0.134537  -0.010792  1.495565
1.256000(1.373958)  0.832600(0.817384)  1.530800(1.438048)  0.187491  0.150826  -0.009562  1.505127
1.256000(1.393564)  0.818100(0.815722)  1.531700(1.439563)  0.187443  0.165586  -0.005207  1.510334
1.256100(1.396462)  0.798600(0.808332)  1.533000(1.447402)  0.187394  0.164691  0.008388  1.518722
1.256500(1.400130)  0.783400(0.805870)  1.534100(1.456593)  0.187345  0.164747  0.005047  1.523769
1.256500(1.403216)  0.762400(0.795674)  1.534700(1.469613)  0.187294  0.163917  0.004186  1.527955
1.257500(1.400843)  0.746400(0.785007)  1.535200(1.481953)  0.187232  0.157712  -0.000444  1.528399
1.258500(1.395513)  0.729900(0.775347)  1.535200(1.495963)  0.187154  0.149591  -0.001302  1.529702
1.258000(1.399184)  0.713400(0.765142)  1.534500(1.505736)  0.187084  0.153093  0.001923  1.531625
1.259600(1.391432)  0.691100(0.751282)  1.533600(1.516988)  0.187000  0.145868  0.002913  1.534538
1.260500(1.388363)  0.675100(0.740038)  1.532500(1.527460)  0.186913  0.143496  0.000394  1.534932
1.261400(1.390170)  0.660100(0.733372)  1.531200(1.536604)  0.186834  0.148255  0.003624  1.538556
1.263000(1.386281)  0.642000(0.725826)  1.528800(1.543183)  0.186759  0.149773  0.007588  1.546145
1.264100(1.380723)  0.629600(0.720584)  1.526600(1.551734)  0.186684  0.150035  0.001174  1.547319
1.265100(1.382876)  0.618200(0.715826)  1.524600(1.557200)  0.186621  0.156413  0.004057  1.551376
1.265600(1.380463)  0.606000(0.712018)  1.522200(1.559743)  0.186567  0.160757  0.007268  1.558644
1.265200(1.380336)  0.599500(0.711673)  1.520800(1.559760)  0.186522  0.165400  0.006294  1.564937
1.264600(1.380917)  0.594100(0.705610)  1.519400(1.555515)  0.186477  0.165131  -0.001814  1.566751
1.263400(1.377510)  0.589600(0.708779)  1.518600(1.554240)  0.186440  0.168804  -0.000098  1.566850
1.262500(1.371957)  0.587000(0.711128)  1.518800(1.557988)  0.186405  0.170072  -0.004341  1.571190
1.261700(1.368798)  0.585500(0.715492)  1.519800(1.560482)  0.186377  0.173271  -0.003965  1.575155
1.260200(1.366634)  0.584100(0.718768)  1.522500(1.563608)  0.186355  0.176504  -0.001627  1.576782
1.258800(1.364093)  0.583400(0.723172)  1.525700(1.567988)  0.186341  0.180031  -0.003149  1.579931
1.256600(1.365571)  0.583000(0.724652)  1.529100(1.568477)  0.186334  0.183005  0.001921  1.581852
1.252800(1.363649)  0.582600(0.730678)  1.534500(1.572532)  0.186340  0.188841  -0.000898  1.582750
1.249400(1.362089)  0.582200(0.738110)  1.539100(1.574980)  0.186361  0.195689  -0.002245  1.584994
1.245400(1.361524)  0.581700(0.739349)  1.543600(1.577365)  0.186389  0.198691  0.003295  1.588289
1.238600(1.359477)  0.581300(0.743540)  1.549300(1.580060)  0.186431  0.204645  0.003495  1.591784
1.232600(1.356719)  0.581200(0.749334)  1.553400(1.581472)  0.186487  0.210862  0.000698  1.592482
1.226100(1.352898)  0.581400(0.756480)  1.557500(1.583935)  0.186561  0.217783  -0.000782  1.593264
1.216600(1.350216)  0.581900(0.761653)  1.562800(1.584943)  0.186654  0.225066  0.004976  1.598240
1.209100(1.346084)  0.582600(0.772673)  1.566800(1.585288)  0.186772  0.235019  -0.003245  1.601485
1.201100(1.341465)  0.583100(0.782478)  1.571200(1.587004)  0.186916  0.244343  -0.001830  1.603314
1.190100(1.338404)  0.583700(0.788387)  1.576800(1.587712)  0.187084  0.253002  0.005665  1.608979
1.181300(1.333516)  0.583900(0.802596)  1.581400(1.587891)  0.187291  0.266533  -0.005095  1.614075
1.172900(1.331524)  0.584300(0.811854)  1.586300(1.584627)  0.187531  0.277390  -0.000283  1.614358
1.160700(1.326320)  0.584600(0.817880)  1.592100(1.584513)  0.187799  0.286195  0.005548  1.619906
1.151600(1.318747)  0.584800(0.828618)  1.596600(1.587175)  0.188096  0.295761  -0.003253  1.623159
1.142200(1.314470)  0.584700(0.834931)  1.600600(1.585786)  0.188420  0.304158  0.002465  1.625624
1.129500(1.307340)  0.584700(0.841103)  1.605500(1.588442)  0.188772  0.312507  0.003816  1.629439
1.120100(1.300139)  0.584900(0.855573)  1.609500(1.589876)  0.189168  0.325673  -0.006009  1.635448
1.110500(1.294199)  0.584900(0.864210)  1.613600(1.589532)  0.189597  0.335170  -0.000049  1.635497
1.098200(1.290373)  0.585200(0.872661)  1.618900(1.587649)  0.190069  0.347190  0.003930  1.639428
1.089100(1.285465)  0.585400(0.885123)  1.622900(1.587649)  0.190589  0.360050  -0.003452  1.642879
1.080400(1.277375)  0.585500(0.890014)  1.627200(1.588460)  0.191123  0.364731  0.000218  1.643097
1.069100(1.271231)  0.585900(0.902145)  1.633000(1.589873)  0.191707  0.377793  -0.000965  1.644062
1.060900(1.261915)  0.586100(0.913796)  1.637700(1.595971)  0.192324  0.386695  -0.006662  1.650724
1.053300(1.256789)  0.586300(0.919241)  1.642400(1.595341)  0.192963  0.393029  0.001434  1.652157
1.043100(1.252808)  0.586700(0.932939)  1.648400(1.594813)  0.193664  0.408327  -0.002434  1.654591
1.035800(1.247108)  0.587100(0.939195)  1.652500(1.593420)  0.194388  0.414864  -0.000195  1.654787
1.028900(1.246116)  0.587500(0.940312)  1.656000(1.587186)  0.195130  0.419994  0.001337  1.656123
1.020800(1.238251)  0.588300(0.946571)  1.659900(1.588846)  0.195888  0.425078  -0.001162  1.657285
1.015500(1.235511)  0.589200(0.943786)  1.661500(1.586226)  0.196635  0.424031  0.000905  1.658190
1.011400(1.234467)  0.590400(0.946889)  1.662300(1.584005)  0.197394  0.427754  0.000390  1.658580
1.007900(1.230542)  0.591800(0.950787)  1.662500(1.584442)  0.198154  0.429574  -0.001773  1.660353
1.006500(1.232437)  0.592900(0.948203)  1.661700(1.580335)  0.198905  0.428846  -0.003257  1.663611
1.006800(1.233985)  0.593800(0.942450)  1.659700(1.577273)  0.199630  0.424222  -0.004485  1.668095
1.009300(1.235354)  0.594600(0.943137)  1.656200(1.575114)  0.200345  0.423266  0.001728  1.669823
1.014000(1.238882)  0.594900(0.940370)  1.651800(1.572684)  0.201040  0.419739  0.001345  1.671168
1.017300(1.240598)  0.595000(0.931252)  1.649300(1.573372)  0.201691  0.410722  -0.005163  1.676331
1.025000(1.242416)  0.594700(0.926630)  1.643700(1.573718)  0.202306  0.402920  0.004548  1.680879
1.031900(1.244026)  0.594500(0.924045)  1.639600(1.574166)  0.202894  0.397340  0.004950  1.685829
1.041900(1.246801)  0.594400(0.912865)  1.633600(1.577315)  0.203421  0.382847  -0.000280  1.686109
1.050500(1.257897)  0.594200(0.899289)  1.628500(1.574625)  0.203907  0.372821  -0.007739  1.693847
1.060200(1.263097)  0.594300(0.903732)  1.623800(1.576360)  0.204391  0.373050  0.003723  1.697570
1.074100(1.270851)  0.594300(0.898577)  1.618400(1.574299)  0.204842  0.365021  0.005376  1.702946
1.085400(1.281218)  0.593800(0.874197)  1.613300(1.571466)  0.205220  0.344553  -0.014236  1.717182
1.096600(1.285901)  0.593000(0.870156)  1.608500(1.574340)  0.205571  0.337368  0.005390  1.722572
1.112200(1.293120)  0.591600(0.859259)  1.602400(1.576274)  0.205877  0.324123  0.003596  1.726167
1.123700(1.300023)  0.590200(0.844319)  1.597600(1.577972)  0.206138  0.309922  -0.004006  1.730173
1.135400(1.306077)  0.588700(0.834698)  1.592800(1.581953)  0.206368  0.299606  0.000691  1.730864
1.150600(1.311091)  0.586800(0.826996)  1.586900(1.585575)  0.206565  0.288882  0.006537  1.737401
1.162200(1.316030)  0.585400(0.816294)  1.582900(1.590397)  0.206731  0.277546  -0.000385  1.737787
1.173300(1.322778)  0.583800(0.807685)  1.578800(1.593028)  0.206875  0.269574  0.000691  1.738477
1.187700(1.329182)  0.581500(0.793647)  1.573500(1.594638)  0.206983  0.255872  0.000003  1.738480
1.198400(1.335612)  0.580000(0.791844)  1.569800(1.597486)  0.207087  0.253913  0.004160  1.742641
1.208600(1.344060)  0.578900(0.779760)  1.565800(1.595782)  0.207166  0.244117  -0.003831  1.746472
1.221600(1.349349)  0.577300(0.768246)  1.560600(1.596952)  0.207220  0.232598  0.001369  1.747841
1.231000(1.356079)  0.576400(0.757940)  1.556300(1.595958)  0.207254  0.223996  -0.001973  1.749814
1.240100(1.359649)  0.575800(0.749678)  1.552000(1.598384)  0.207272  0.216049  0.000761  1.750575
1.251700(1.363561)  0.574800(0.742277)  1.546200(1.600318)  0.207274  0.208543  0.004416  1.754991
1.260300(1.370643)  0.573800(0.726995)  1.541600(1.597699)  0.207254  0.196955  -0.007242  1.762233
1.269000(1.377273)  0.573000(0.721086)  1.536500(1.594299)  0.207226  0.192336  0.000607  1.762840
1.280800(1.380764)  0.571700(0.713400)  1.529700(1.593676)  0.207185  0.184837  0.005216  1.768056
1.289700(1.385430)  0.570800(0.700089)  1.524500(1.594022)  0.207128  0.175251  -0.003762  1.771818
1.298500(1.388084)  0.569800(0.688870)  1.518700(1.595825)  0.207059  0.167783  -0.001082  1.772900
1.310000(1.392575)  0.568300(0.678300)  1.510700(1.594020)  0.206979  0.160813  0.002464  1.775364
1.318300(1.399276)  0.567100(0.663960)  1.504400(1.588852)  0.206887  0.151892  -0.006161  1.781526
1.326700(1.400070)  0.565800(0.657914)  1.497900(1.590130)  0.206791  0.149581  0.004470  1.785996
1.337600(1.403424)  0.563500(0.644520)  1.488800(1.587605)  0.206688  0.143735  0.000348  1.786344
1.345200(1.406903)  0.562400(0.634645)  1.481800(1.580952)  0.206577  0.137324  -0.002014  1.788358
1.352800(1.406231)  0.561700(0.629202)  1.474800(1.580229)  0.206465  0.136112  0.004824  1.793181
1.362200(1.407029)  0.560100(0.621353)  1.465900(1.581827)  0.206356  0.138567  0.004994  1.798176
1.369400(1.408877)  0.559000(0.613342)  1.459600(1.579634)  0.206247  0.137549  0.001121  1.799297
1.376300(1.412620)  0.558300(0.606198)  1.453400(1.574714)  0.206135  0.135390  -0.000145  1.799442
1.385300(1.416143)  0.557100(0.598004)  1.445700(1.570408)  0.206022  0.134820  0.002001  1.801444
1.391800(1.416686)  0.556100(0.595152)  1.440800(1.568729)  0.205912  0.136053  0.004848  1.806291
1.398200(1.421347)  0.555000(0.579670)  1.435800(1.566244)  0.205800  0.134759  -0.008163  1.814455
1.405900(1.422382)  0.553500(0.575171)  1.429900(1.562433)  0.205689  0.135300  0.003829  1.818284
1.411100(1.423113)  0.552600(0.570039)  1.425900(1.560203)  0.205580  0.135963  0.000980  1.819264
1.415600(1.425652)  0.551500(0.559294)  1.421900(1.557516)  0.205471  0.136211  -0.005243  1.824507
1.420400(1.419861)  0.550200(0.568039)  1.418300(1.561510)  0.205373  0.144318  -0.005084  1.829591
1.422600(1.419210)  0.549200(0.568813)  1.416700(1.563490)  0.205280  0.148134  0.000674  1.830266
1.423600(1.421492)  0.548900(0.565519)  1.416300(1.561675)  0.205186  0.146337  -0.003282  1.833547
1.422600(1.419521)  0.549200(0.572192)  1.417500(1.560267)  0.205089  0.144639  -0.005508  1.839055
1.420800(1.418087)  0.549700(0.580780)  1.420100(1.560202)  0.204991  0.143533  -0.005506  1.844561
1.417800(1.417166)  0.550000(0.585917)  1.423500(1.562756)  0.204894  0.143815  -0.001267  1.845828
1.412200(1.417202)  0.550600(0.586592)  1.428700(1.564993)  0.204794  0.141054  0.005329  1.851157
1.406600(1.415119)  0.551300(0.591128)  1.433000(1.567269)  0.204693  0.140310  0.001609  1.852766
1.400000(1.412193)  0.552300(0.597713)  1.437700(1.569439)  0.204591  0.139879  0.000638  1.853404
1.389900(1.409339)  0.554000(0.603638)  1.444000(1.571654)  0.204489  0.138338  0.005085  1.858489
1.381400(1.404485)  0.555600(0.611981)  1.449100(1.571859)  0.204384  0.137045  0.000387  1.858876
1.372400(1.399869)  0.557200(0.625108)  1.454400(1.573997)  0.204285  0.140248  -0.003512  1.862388
1.359600(1.398937)  0.559400(0.628674)  1.460700(1.576304)  0.204185  0.140395  0.010087  1.872474
1.350500(1.393299)  0.561000(0.642802)  1.465600(1.576882)  0.204092  0.144593  -0.004764  1.877238
1.340900(1.388136)  0.562500(0.652320)  1.470400(1.580062)  0.204005  0.149414  -0.000448  1.877686
1.328500(1.385386)  0.564400(0.658284)  1.476200(1.580700)  0.203921  0.151560  0.007222  1.884908
1.319600(1.381253)  0.565400(0.665474)  1.480400(1.582042)  0.203843  0.155393  0.001491  1.886398
1.310700(1.376876)  0.566300(0.676453)  1.484500(1.580288)  0.203772  0.160276  -0.002108  1.888507
1.298800(1.374316)  0.567900(0.683168)  1.490200(1.578816)  0.203706  0.163836  0.005956  1.894463
1.290400(1.371036)  0.569500(0.690329)  1.494500(1.576594)  0.203645  0.166856  0.001387  1.895850
1.281400(1.366108)  0.570900(0.698139)  1.498800(1.576879)  0.203592  0.171643  0.000833  1.896683
1.269900(1.360389)  0.572600(0.707952)  1.504900(1.578378)  0.203549  0.178627  0.001672  1.898354
1.261500(1.356690)  0.573800(0.719940)  1.509700(1.576666)  0.203520  0.186822  -0.002913  1.901268
1.253600(1.354163)  0.574700(0.723573)  1.514600(1.576816)  0.203497  0.190123  0.004912  1.906179
1.242900(1.348902)  0.575800(0.732933)  1.521000(1.576493)  0.203486  0.197501  0.001775  1.907954
1.235200(1.345537)  0.576500(0.744558)  1.526100(1.575936)  0.203493  0.207127  -0.002853  1.910807
1.227600(1.341852)  0.577000(0.747224)  1.530900(1.576642)  0.203505  0.210052  0.004401  1.915208
1.217600(1.336413)  0.577500(0.757638)  1.537200(1.578668)  0.203535  0.219741  -0.000093  1.915301
1.210200(1.331673)  0.577700(0.766159)  1.542400(1.580408)  0.203580  0.227414  -0.000858  1.916159
1.203200(1.327609)  0.578100(0.776290)  1.547500(1.581304)  0.203644  0.236431  -0.002282  1.918441
1.193700(1.324281)  0.578400(0.780375)  1.554200(1.582093)  0.203719  0.242123  0.006300  1.924741
1.186800(1.317680)  0.578300(0.794740)  1.559800(1.587075)  0.203820  0.254400  -0.007688  1.932429
1.179900(1.315246)  0.578500(0.800394)  1.565300(1.586724)  0.203935  0.260796  0.002660  1.935089
1.170600(1.310982)  0.578400(0.807980)  1.572500(1.588485)  0.204071  0.269573  0.002883  1.937972
1.163400(1.306877)  0.578500(0.817025)  1.578000(1.589747)  0.204226  0.278600  -0.000952  1.938924
1.155900(1.303482)  0.578700(0.827022)  1.583800(1.587743)  0.204407  0.288895  -0.001263  1.940187
1.145400(1.297679)  0.579200(0.830472)  1.590600(1.590717)  0.204599  0.293814  0.005143  1.945329
1.137500(1.291904)  0.579800(0.841886)  1.595900(1.593136)  0.204817  0.304200  -0.003487  1.948816
1.129600(1.287099)  0.580300(0.853653)  1.601200(1.593311)  0.205064  0.315579  -0.003185  1.952001
1.119100(1.281561)  0.580900(0.858355)  1.608100(1.595793)  0.205327  0.321755  0.004902  1.956903
1.111400(1.277603)  0.581000(0.872624)  1.613600(1.593137)  0.205629  0.336284  -0.005582  1.962484
1.103500(1.273206)  0.581100(0.878742)  1.619000(1.591806)  0.205951  0.343701  0.001919  1.964403
1.093500(1.268845)  0.581600(0.883951)  1.625700(1.591576)  0.206294  0.351179  0.005250  1.969654
1.085700(1.262184)  0.582000(0.899952)  1.631200(1.590737)  0.206679  0.365893  -0.007800  1.977454
1.078400(1.255564)  0.582100(0.898419)  1.636600(1.594502)  0.207060  0.364989  0.001312  1.978766
1.068700(1.252613)  0.581900(0.903995)  1.643000(1.595133)  0.207466  0.373979  0.005283  1.984049
1.061700(1.247262)  0.581500(0.917034)  1.648000(1.596072)  0.207911  0.386928  -0.005514  1.989563
1.055100(1.243696)  0.581200(0.924121)  1.652900(1.595774)  0.208381  0.395508  0.000287  1.989850
1.046400(1.242013)  0.581000(0.929283)  1.658700(1.593829)  0.208879  0.404690  0.004690  1.994540
1.039800(1.234838)  0.581100(0.935098)  1.662400(1.599434)  0.209389  0.409046  -0.003236  1.997776
1.033700(1.229052)  0.581300(0.941705)  1.666100(1.602065)  0.209916  0.414916  -0.002031  1.999807
1.025600(1.226557)  0.582200(0.946140)  1.669800(1.602586)  0.210461  0.421134  0.003836  2.003643
1.020200(1.221559)  0.583300(0.954475)  1.672300(1.604599)  0.211025  0.427668  -0.003874  2.007517
1.015300(1.219538)  0.584600(0.958869)  1.674400(1.602133)  0.211602  0.432450  0.000059  2.007575
1.010700(1.214077)  0.586600(0.959624)  1.675300(1.607445)  0.212168  0.430248  -0.002560  2.010135
1.008500(1.209064)  0.587400(0.961007)  1.675800(1.613198)  0.212725  0.428634  -0.005361  2.015497
1.007700(1.209071)  0.587700(0.963265)  1.675600(1.613781)  0.213286  0.430605  -0.001455  2.016951
1.008500(1.211234)  0.587800(0.965847)  1.674400(1.609168)  0.213854  0.433908  -0.004266  2.021218
1.010500(1.214042)  0.587600(0.961271)  1.672500(1.605850)  0.214408  0.430699  -0.003545  2.024762
1.014100(1.215585)  0.587200(0.959358)  1.670200(1.606619)  0.214950  0.427949  0.001716  2.026478
1.020800(1.220379)  0.586500(0.954191)  1.666000(1.603988)  0.215471  0.422935  0.000415  2.026893
1.027300(1.226129)  0.586100(0.949082)  1.662200(1.600657)  0.215975  0.418421  -0.000843  2.027735
1.034300(1.232295)  0.585600(0.939099)  1.657700(1.598747)  0.216447  0.409437  -0.003551  2.031287
1.045800(1.240296)  0.584900(0.933070)  1.651000(1.595982)  0.216895  0.402589  0.002936  2.034222
1.054400(1.246977)  0.584200(0.924045)  1.645300(1.594779)  0.217313  0.393869  -0.000953  2.035175
1.063900(1.254635)  0.583500(0.909121)  1.638600(1.598749)  0.217686  0.379469  -0.005591  2.040766
1.077700(1.258256)  0.582500(0.907902)  1.630400(1.600522)  0.218040  0.373336  0.011872  2.052638
1.087900(1.263921)  0.581000(0.893315)  1.624000(1.602835)  0.218352  0.359127  -0.003684  2.056322
1.098600(1.272856)  0.579400(0.881312)  1.617200(1.607260)  0.218634  0.348734  -0.002826  2.059148
1.112900(1.279117)  0.577400(0.873947)  1.609200(1.610380)  0.218893  0.339956  0.006350  2.065498
1.123600(1.284719)  0.575800(0.863039)  1.603800(1.615914)  0.219123  0.329564  -0.001362  2.066860
1.134400(1.289383)  0.574500(0.858022)  1.599100(1.620483)  0.219339  0.323824  0.003615  2.070475
1.148600(1.297207)  0.572600(0.848212)  1.593000(1.622825)  0.219531  0.314540  0.002806  2.073281
1.158800(1.303961)  0.571000(0.841281)  1.588500(1.624932)  0.219709  0.308951  0.001359  2.074640
1.168900(1.312335)  0.569500(0.833851)  1.584000(1.624127)  0.219873  0.303422  -0.000066  2.074706
1.182400(1.320831)  0.567800(0.825885)  1.578100(1.622092)  0.220021  0.296152  0.003008  2.077715
1.192600(1.325834)  0.566600(0.817024)  1.573500(1.624386)  0.220151  0.288189  0.000822  2.078537
1.202500(1.327753)  0.565600(0.809060)  1.569100(1.630070)  0.220264  0.280497  0.000909  2.079446
1.215700(1.334184)  0.564300(0.798454)  1.563000(1.630733)  0.220356  0.271025  0.002178  2.081624
1.225500(1.339569)  0.563400(0.787750)  1.557800(1.630855)  0.220431  0.262072  -0.000853  2.082477
1.234900(1.342793)  0.562100(0.777182)  1.552600(1.632922)  0.220490  0.253679  -0.000419  2.082896
1.246900(1.350165)  0.560600(0.761941)  1.544600(1.627669)  0.220525  0.241044  -0.003226  2.086122
1.255100(1.355824)  0.559300(0.747589)  1.538500(1.625183)  0.220542  0.230461  -0.005324  2.091446
1.263400(1.358568)  0.557900(0.743644)  1.532600(1.623349)  0.220553  0.227581  0.005135  2.096581
1.273400(1.362772)  0.557200(0.736618)  1.525400(1.618268)  0.220554  0.220913  0.002706  2.099288
1.280900(1.364149)  0.556600(0.725776)  1.520000(1.620826)  0.220543  0.213815  -0.001963  2.101251
1.288200(1.364633)  0.556000(0.720132)  1.515000(1.623560)  0.220528  0.211108  0.002579  2.103829
1.297500(1.367139)  0.555200(0.713560)  1.509000(1.623343)  0.220507  0.207369  0.004060  2.107889
1.304200(1.369080)  0.554600(0.700752)  1.504500(1.623946)  0.220475  0.199593  -0.004876  2.112765
1.311100(1.371703)  0.553800(0.697807)  1.500300(1.622645)  0.220441  0.198442  0.003965  2.116730
1.320200(1.374874)  0.553000(0.693195)  1.494800(1.621007)  0.220405  0.196398  0.004831  2.121561
1.327100(1.379185)  0.552400(0.679793)  1.489800(1.619432)  0.220358  0.189067  -0.005624  2.127185
1.333700(1.382463)  0.551700(0.669157)  1.484600(1.616886)  0.220304  0.183504  -0.002986  2.130171
1.342500(1.383460)  0.550700(0.662827)  1.477100(1.616534)  0.220250  0.183554  0.005188  2.135359
1.349600(1.388835)  0.550500(0.653029)  1.470600(1.608720)  0.220187  0.176434  -0.004008  2.139367
1.356300(1.390543)  0.550300(0.644057)  1.463900(1.604589)  0.220119  0.172501  -0.000547  2.139914
1.365500(1.391851)  0.550400(0.632385)  1.453500(1.601817)  0.220050  0.171505  0.001818  2.141732
1.372300(1.391077)  0.550600(0.628316)  1.445800(1.597230)  0.219981  0.171240  0.004094  2.145826
1.378900(1.391343)  0.551100(0.623162)  1.438700(1.592284)  0.219910  0.170105  0.002558  2.148384
1.387400(1.391563)  0.551900(0.616731)  1.429700(1.588474)  0.219842  0.171550  0.004927  2.153311
1.393900(1.392958)  0.552300(0.610905)  1.423300(1.582334)  0.219771  0.169491  0.000553  2.153864
1.400100(1.391986)  0.552700(0.608802)  1.417500(1.580976)  0.219705  0.173026  0.005815  2.159679
1.408600(1.394756)  0.553300(0.600575)  1.410200(1.578586)  0.219642  0.175443  0.002216  2.161895
1.414800(1.397289)  0.553900(0.594930)  1.404600(1.573653)  0.219579  0.174840  0.000464  2.162359
1.420600(1.397470)  0.554400(0.592541)  1.399600(1.572343)  0.219520  0.178409  0.004943  2.167302
1.428200(1.400572)  0.555700(0.586437)  1.392900(1.568979)  0.219465  0.180864  0.002586  2.169888
1.433800(1.403121)  0.556600(0.582880)  1.388200(1.563424)  0.219408  0.179820  0.000294  2.170182
1.438600(1.407870)  0.557300(0.573622)  1.383000(1.558101)  0.219350  0.178525  -0.004576  2.174758
1.445400(1.409654)  0.558500(0.568598)  1.376500(1.551320)  0.219292  0.178723  0.000857  2.175615
1.449900(1.410442)  0.559300(0.565261)  1.372300(1.544863)  0.219233  0.177117  -0.001104  2.176719
1.454000(1.409995)  0.560000(0.560967)  1.368400(1.542946)  0.219177  0.180010  0.000978  2.177698
1.458700(1.407117)  0.560400(0.565959)  1.365200(1.544714)  0.219130  0.186861  -0.000328  2.178026
1.460800(1.408352)  0.560600(0.567091)  1.363900(1.543000)  0.219084  0.186735  0.000081  2.178106
1.462400(1.409368)  0.560900(0.565922)  1.363600(1.541978)  0.219036  0.186162  -0.000201  2.178308
1.463000(1.409319)  0.561100(0.568429)  1.364400(1.542565)  0.218989  0.186220  -0.001556  2.179864
1.462600(1.407670)  0.561000(0.574928)  1.366200(1.544787)  0.218944  0.187362  -0.005217  2.185081
1.460900(1.409369)  0.561100(0.573796)  1.368100(1.545578)  0.218896  0.185243  0.000362  2.185443
1.457600(1.409806)  0.561200(0.570649)  1.370400(1.547454)  0.218846  0.183634  0.000334  2.185776
1.454300(1.404456)  0.561100(0.586767)  1.373100(1.549927)  0.218798  0.185502  -0.012897  2.198673
1.449600(1.404234)  0.561100(0.589336)  1.376000(1.551218)  0.218748  0.183185  0.002638  2.201311
1.442800(1.405113)  0.561600(0.589039)  1.380200(1.553645)  0.218693  0.179601  0.005410  2.206722
1.437100(1.401690)  0.561900(0.600753)  1.383700(1.554184)  0.218637  0.178405  -0.005520  2.212242
1.430800(1.398698)  0.562500(0.613876)  1.387800(1.556844)  0.218583  0.179572  -0.006180  2.218421
1.421800(1.401321)  0.563100(0.603653)  1.392600(1.557473)  0.218518  0.171017  -0.000355  2.218776
1.414800(1.395706)  0.563900(0.616067)  1.396800(1.558883)  0.218453  0.171339  -0.005495  2.224272
1.408100(1.393004)  0.564800(0.625690)  1.401700(1.562362)  0.218391  0.172476  -0.002234  2.226505
1.398500(1.392971)  0.565800(0.625536)  1.407900(1.568898)  0.218327  0.171812  0.004934  2.231439
1.391300(1.389452)  0.566400(0.633297)  1.412700(1.571539)  0.218265  0.172362  -0.000248  2.231687
1.384500(1.385106)  0.567100(0.647407)  1.418500(1.573931)  0.218206  0.174953  -0.005992  2.237679
1.375000(1.384316)  0.567900(0.653068)  1.426200(1.576827)  0.218145  0.173289  0.005847  2.243526
1.367800(1.381829)  0.568600(0.661808)  1.432500(1.577795)  0.218084  0.173191  0.000455  2.243981
1.360200(1.378113)  0.569300(0.671715)  1.439200(1.581644)  0.218027  0.176352  -0.001105  2.245086
1.350300(1.375619)  0.569900(0.679496)  1.448700(1.584725)  0.217970  0.176508  0.005002  2.250087
1.342500(1.371610)  0.570300(0.688965)  1.455800(1.589502)  0.217919  0.181122  -0.000783  2.250870
1.334300(1.369178)  0.570400(0.694559)  1.462500(1.592506)  0.217871  0.183121  0.003790  2.254661
1.322900(1.365279)  0.570800(0.703174)  1.471400(1.595768)  0.217827  0.186511  0.004466  2.259126
1.314200(1.360161)  0.571200(0.714380)  1.478200(1.598531)  0.217792  0.192594  -0.001576  2.260702
1.304700(1.356127)  0.571700(0.724764)  1.484600(1.599916)  0.217764  0.198421  0.000240  2.260942
1.291800(1.352151)  0.572700(0.733894)  1.494000(1.601227)  0.217742  0.202789  0.005949  2.266891
1.282000(1.347489)  0.573700(0.747074)  1.500700(1.600128)  0.217731  0.210316  -0.002110  2.269001
1.271900(1.344167)  0.574600(0.754489)  1.507300(1.599873)  0.217727  0.214831  0.003969  2.272970
1.258400(1.337803)  0.575900(0.767413)  1.516100(1.602078)  0.217737  0.224442  0.001594  2.274563
1.247800(1.332016)  0.576700(0.777846)  1.522300(1.602669)  0.217760  0.232403  0.000361  2.274925
1.236600(1.327383)  0.577600(0.786213)  1.528200(1.601613)  0.217793  0.239062  0.003068  2.277993
1.221500(1.320025)  0.578700(0.799446)  1.535800(1.601956)  0.217845  0.250625  0.001795  2.279789
1.210000(1.315217)  0.579800(0.813844)  1.541300(1.596618)  0.217918  0.262502  -0.003296  2.283084
1.198700(1.309061)  0.581000(0.819801)  1.546200(1.595009)  0.218000  0.267559  0.003659  2.286743
1.184100(1.301391)  0.582600(0.830138)  1.551800(1.594518)  0.218099  0.277231  0.002838  2.289582
1.173700(1.291963)  0.583500(0.849031)  1.557000(1.598521)  0.218229  0.293627  -0.009829  2.299411
1.163800(1.284485)  0.584200(0.856194)  1.561800(1.600993)  0.218372  0.300136  0.000378  2.299790
1.150500(1.283414)  0.585300(0.860181)  1.567300(1.591591)  0.218527  0.306293  0.004166  2.303955
1.141400(1.275293)  0.585900(0.871747)  1.571900(1.593719)  0.218703  0.316405  -0.004077  2.308033
1.132400(1.267700)  0.585600(0.883573)  1.576600(1.595960)  0.218903  0.327824  -0.004073  2.312106
1.121000(1.264921)  0.585300(0.891414)  1.583300(1.589368)  0.219125  0.338314  0.002612  2.314718
1.113300(1.259938)  0.584900(0.891002)  1.587500(1.589310)  0.219348  0.339418  0.003780  2.318498
1.105800(1.251609)  0.584000(0.903778)  1.592000(1.592900)  0.219599  0.351452  -0.006876  2.325373
1.096100(1.245135)  0.582700(0.916121)  1.598400(1.595132)  0.219881  0.365228  -0.002421  2.327795
1.089300(1.242542)  0.582000(0.916317)  1.602600(1.592253)  0.220168  0.367910  0.004143  2.331938
1.082400(1.236158)  0.581300(0.927767)  1.606800(1.593313)  0.220482  0.379293  -0.005045  2.336983
1.073100(1.232647)  0.580200(0.931383)  1.612000(1.591197)  0.220813  0.386287  0.005245  2.342228
1.066500(1.232200)  0.580000(0.936217)  1.615300(1.584893)  0.221162  0.394045  -0.000574  2.342802
1.059900(1.227112)  0.579900(0.940549)  1.618000(1.584158)  0.221522  0.398965  0.000409  2.343212
1.052700(1.221566)  0.580400(0.945649)  1.621500(1.584747)  0.221893  0.404071  0.000464  2.343675
1.047900(1.217291)  0.580700(0.955112)  1.623800(1.584614)  0.222286  0.412812  -0.005054  2.348729
1.044500(1.214221)  0.581200(0.952310)  1.625700(1.584409)  0.222670  0.410161  -0.000235  2.348965
1.041300(1.213523)  0.581700(0.955216)  1.627700(1.583390)  0.223062  0.413689  0.000649  2.349613
1.040500(1.212171)  0.582300(0.957441)  1.628900(1.583528)  0.223456  0.415042  -0.001045  2.350658
1.040800(1.207992)  0.582900(0.961770)  1.630000(1.587042)  0.223851  0.416342  -0.005680  2.356338
1.043800(1.201257)  0.583400(0.960774)  1.631100(1.593752)  0.224229  0.410608  -0.006325  2.362663
1.047100(1.204463)  0.583200(0.946298)  1.630700(1.590496)  0.224573  0.397768  -0.011850  2.374513
1.051200(1.207629)  0.582900(0.952660)  1.629600(1.593921)  0.224929  0.403071  -0.003634  2.378147
1.058400(1.218001)  0.582600(0.941461)  1.627400(1.588430)  0.225261  0.394680  -0.008688  2.386834
1.064800(1.225376)  0.582200(0.937612)  1.624700(1.586204)  0.225586  0.391898  -0.001654  2.388488
1.071700(1.232024)  0.581900(0.929913)  1.621400(1.583738)  0.225892  0.385014  -0.002812  2.391300
1.081700(1.235538)  0.581600(0.926295)  1.616200(1.585334)  0.226182  0.378727  0.005985  2.397284
1.089500(1.238613)  0.581700(0.917782)  1.612300(1.588342)  0.226447  0.368456  -0.000817  2.398101
1.097600(1.243271)  0.581400(0.908140)  1.606700(1.591384)  0.226687  0.358070  -0.001280  2.399381
1.109200(1.245610)  0.581500(0.904500)  1.600000(1.596362)  0.226910  0.350643  0.006801  2.406182
1.117800(1.256113)  0.581200(0.897663)  1.594100(1.598023)  0.227120  0.345390  -0.002208  2.408391
1.126700(1.267526)  0.581100(0.891385)  1.587700(1.593929)  0.227321  0.340804  -0.002691  2.411082
1.138500(1.277149)  0.581600(0.883471)  1.578000(1.588814)  0.227502  0.332365  0.001815  2.412898
1.147500(1.281721)  0.582000(0.875232)  1.570100(1.590688)  0.227665  0.323148  0.002375  2.415272
1.156100(1.286237)  0.582400(0.868981)  1.562200(1.590349)  0.227813  0.316001  0.003965  2.419237
1.168300(1.290443)  0.582700(0.855131)  1.551400(1.591213)  0.227932  0.301202  0.001796  2.421033
1.177300(1.294894)  0.582700(0.846056)  1.542900(1.593983)  0.228036  0.292906  0.001899  2.422932
1.187300(1.300514)  0.582700(0.841090)  1.534900(1.593031)  0.228131  0.288031  0.005246  2.428179
1.200300(1.305972)  0.582400(0.828738)  1.524300(1.591776)  0.228205  0.276409  0.003215  2.431394
1.209600(1.310513)  0.582000(0.819562)  1.516500(1.589988)  0.228266  0.268365  0.001751  2.433145
1.219000(1.315426)  0.581400(0.808522)  1.509000(1.587441)  0.228311  0.258912  -0.000309  2.433453
1.231200(1.318065)  0.580300(0.800721)  1.499500(1.586858)  0.228347  0.252512  0.007246  2.440699
1.239600(1.320259)  0.579500(0.791278)  1.493000(1.587932)  0.228372  0.245699  0.000897  2.441596
1.248300(1.324015)  0.578800(0.781926)  1.486700(1.587919)  0.228387  0.239245  0.000686  2.442282
1.259900(1.326912)  0.578200(0.776930)  1.479000(1.589230)  0.228399  0.236928  0.008014  2.450296
1.268700(1.329573)  0.577700(0.768265)  1.473500(1.590824)  0.228404  0.231917  0.001186  2.451482
1.276700(1.334726)  0.577300(0.753777)  1.467300(1.587200)  0.228394  0.221104  -0.005670  2.457152
1.286700(1.339830)  0.577300(0.748436)  1.459700(1.582574)  0.228379  0.217275  0.003844  2.460996
1.293600(1.342852)  0.577400(0.741987)  1.454400(1.580214)  0.228359  0.212941  0.001198  2.462194
1.300000(1.344961)  0.577800(0.736259)  1.449700(1.579765)  0.228334  0.209875  0.001830  2.464024
1.308000(1.346625)  0.578800(0.735988)  1.444400(1.577878)  0.228310  0.209800  0.007118  2.471142
1.313500(1.348641)  0.579500(0.731351)  1.440900(1.578843)  0.228284  0.208139  0.001409  2.472551
1.318900(1.351865)  0.580300(0.726961)  1.438000(1.576636)  0.228253  0.204490  0.000305  2.472856
1.325500(1.352229)  0.581100(0.727876)  1.435100(1.577486)  0.228224  0.206232  0.005952  2.478808
1.329700(1.356004)  0.581800(0.721503)  1.433300(1.576549)  0.228190  0.201814  -0.002843  2.481652
1.333800(1.359815)  0.582700(0.719578)  1.431800(1.571881)  0.228151  0.197573  -0.001869  2.483520
1.338500(1.360862)  0.583700(0.716506)  1.430100(1.573419)  0.228111  0.196667  0.001505  2.485026
1.341500(1.362498)  0.584500(0.715006)  1.429400(1.573448)  0.228070  0.195506  0.000963  2.485988
1.343800(1.363661)  0.585200(0.714086)  1.429000(1.572899)  0.228028  0.194198  0.000857  2.486845
1.345600(1.363893)  0.586000(0.713394)  1.428600(1.576035)  0.227987  0.195706  -0.001211  2.488056
1.346600(1.364009)  0.586300(0.716645)  1.428900(1.575890)  0.227948  0.197228  -0.002171  2.490226
1.347200(1.364867)  0.586600(0.716557)  1.429400(1.576053)  0.227909  0.196744  -0.000042  2.490268
1.347100(1.366401)  0.586900(0.714857)  1.430000(1.575882)  0.227868  0.195005  -0.001617  2.491886
1.346100(1.365392)  0.586800(0.717198)  1.430600(1.576574)  0.227829  0.196683  -0.001470  2.493356
1.344800(1.363661)  0.586700(0.719712)  1.431300(1.578811)  0.227793  0.199517  -0.002304  2.495660
1.343400(1.363403)  0.586300(0.723183)  1.432700(1.578691)  0.227759  0.201123  -0.001463  2.497123
1.341500(1.364914)  0.586200(0.721774)  1.433700(1.578230)  0.227724  0.199543  0.000032  2.497155
1.339500(1.364024)  0.586200(0.723912)  1.434800(1.576349)  0.227687  0.199003  -0.000701  2.497856
1.336100(1.362277)  0.586000(0.728021)  1.436600(1.576204)  0.227654  0.200859  -0.000615  2.498471
1.333500(1.362215)  0.585900(0.726020)  1.437700(1.577785)  0.227619  0.200205  0.000273  2.498745
1.330900(1.359287)  0.585800(0.729135)  1.438800(1.578034)  0.227587  0.201834  -0.001458  2.500203
1.326700(1.356883)  0.585600(0.735318)  1.440400(1.578282)  0.227559  0.205762  -0.002139  2.502342
1.323800(1.357297)  0.585600(0.732072)  1.441300(1.577792)  0.227528  0.202993  -0.000272  2.502614
1.321100(1.355609)  0.585300(0.733499)  1.442100(1.577667)  0.227498  0.203794  0.000618  2.503233
1.317400(1.352792)  0.584900(0.739570)  1.443200(1.578317)  0.227474  0.208404  -0.002844  2.506077
1.315100(1.353031)  0.584500(0.736665)  1.443500(1.578056)  0.227447  0.206636  -0.000573  2.506650
1.313100(1.351360)  0.584100(0.737661)  1.443600(1.577608)  0.227422  0.207372  0.000046  2.506696
1.310400(1.349130)  0.583900(0.743886)  1.444200(1.577736)  0.227402  0.211961  -0.003840  2.510536
1.309000(1.348897)  0.583800(0.742577)  1.444400(1.577425)  0.227381  0.210944  0.000052  2.510588
1.307400(1.348575)  0.583900(0.741336)  1.444500(1.576625)  0.227359  0.209615  0.000096  2.510684
1.306000(1.346306)  0.584200(0.746050)  1.444900(1.576462)  0.227340  0.212434  -0.003748  2.514431
1.304900(1.345553)  0.584200(0.747058)  1.445300(1.576997)  0.227322  0.213353  -0.000197  2.514628
1.303900(1.346381)  0.583900(0.743910)  1.445600(1.576865)  0.227302  0.211278  -0.002171  2.516800
1.302800(1.345149)  0.583700(0.747545)  1.446300(1.576394)  0.227284  0.213455  -0.002548  2.519347
1.302000(1.343753)  0.583300(0.750160)  1.447100(1.577484)  0.227269  0.215837  -0.001959  2.521306
1.301200(1.344541)  0.582800(0.747022)  1.447600(1.577926)  0.227253  0.214085  -0.002197  2.523503
1.300600(1.344018)  0.582000(0.747663)  1.448200(1.578157)  0.227237  0.214984  0.000307  2.523810
1.300100(1.342661)  0.581500(0.748555)  1.448500(1.579320)  0.227223  0.216408  -0.001229  2.525039
1.299300(1.342408)  0.581200(0.747921)  1.448500(1.579850)  0.227210  0.216581  -0.000010  2.525049
1.298100(1.342152)  0.581000(0.746018)  1.448100(1.579503)  0.227195  0.215496  -0.000670  2.525720
1.296600(1.340890)  0.581000(0.748325)  1.447600(1.578303)  0.227182  0.216893  -0.001309  2.527029
1.294500(1.340981)  0.581500(0.749239)  1.447000(1.575975)  0.227168  0.216637  -0.000262  2.527291
1.292100(1.338361)  0.582300(0.753311)  1.446500(1.574565)  0.227157  0.218598  -0.002464  2.529755
1.290000(1.336137)  0.582800(0.757003)  1.446700(1.575430)  0.227150  0.221465  -0.002228  2.531983
1.288500(1.335649)  0.583400(0.757402)  1.446700(1.574680)  0.227142  0.221085  0.000636  2.532619
1.286500(1.334906)  0.584300(0.758639)  1.446700(1.573668)  0.227135  0.221039  0.000431  2.533050
1.285300(1.333143)  0.584700(0.764172)  1.447100(1.573343)  0.227131  0.224581  -0.004490  2.537540
1.284300(1.333663)  0.585000(0.761723)  1.447400(1.574107)  0.227126  0.222985  -0.001531  2.539071
1.283400(1.333642)  0.585200(0.760699)  1.447700(1.574059)  0.227120  0.222015  -0.000056  2.539127
1.282700(1.332142)  0.585200(0.764897)  1.448000(1.573594)  0.227117  0.224743  -0.003721  2.542848
1.282400(1.332935)  0.585000(0.762777)  1.448400(1.573950)  0.227112  0.223431  -0.001753  2.544601
1.282000(1.332792)  0.584300(0.762050)  1.448900(1.574747)  0.227107  0.223635  -0.000140  2.544741
1.281600(1.332045)  0.583700(0.763545)  1.449500(1.574509)  0.227104  0.224757  -0.000750  2.545491
1.281500(1.332013)  0.583200(0.763699)  1.450000(1.574995)  0.227102  0.225289  0.000203  2.545694
1.281000(1.331965)  0.582600(0.762754)  1.450700(1.575853)  0.227100  0.225203  -0.000228  2.545921
1.280700(1.331604)  0.582200(0.763800)  1.451300(1.575838)  0.227098  0.226008  -0.000325  2.546246
1.280200(1.331750)  0.582000(0.764546)  1.451800(1.575940)  0.227098  0.226696  -0.000033  2.546279
1.279700(1.331609)  0.582100(0.765177)  1.452600(1.575706)  0.227097  0.226642  0.000261  2.546540
1.279400(1.330447)  0.582300(0.767622)  1.453200(1.576783)  0.227099  0.228523  -0.002214  2.548754
1.279100(1.329949)  0.582100(0.766697)  1.454000(1.579157)  0.227101  0.228749  -0.001719  2.550473
1.278900(1.330253)  0.581800(0.765950)  1.454800(1.580527)  0.227103  0.228813  -0.000712  2.551185
1.278900(1.330695)  0.581700(0.767916)  1.455400(1.580082)  0.227107  0.230010  -0.001455  2.552640
1.278900(1.331653)  0.581600(0.767949)  1.456100(1.578889)  0.227110  0.229316  -0.000823  2.553464
1.278800(1.332095)  0.581300(0.766765)  1.456800(1.578982)  0.227111  0.228399  -0.000498  2.553962
1.278800(1.332095)  0.581300(0.766765)  1.456800(1.578982)  0.227113  0.228399  0.000000  2.553962
