0.076743
0.075028
0.077884
0.078546
0.077836
0.0812
0.074276
0.079504
0.062537
0.096152
0.07354
0.080909
0.074352
0.080229
0.079827
0.077467
0.028915
0.078213
0.079506
0.076648
0.078861
0.078301
0.080042
0.028388
0.06297
0.079632
0.075666
0.080692
0.029892
0.077132
0.032701
0.075897
0.083782
0.075326
0.029593
0.07505
0.03581
0.076141
0.076648
0.083272
0.076973
0.076819
0.079737
0.076309
0.076344
0.079679
0.060953
0.08332
0.076055
0.07786
0.079284
0.075772
0.079151
0.077676
0.029777
0.031319
0.032222
0.032012
0.029952
0.031309
0.031383
0.030533
0.033089
0.032186
0.03688
0.037498
0.033185
0.030882
0.077581
0.032533
0.031077
0.0289
0.031566
0.031547
0.032523
0.029797
0.032458
0.033534
0.029575
0.027993
0.03189
0.032134
0.031171
0.030598
0.035592
0.026929
0.033202
0.028047
0.07913
0.03243
0.090852
0.082219
0.091652
0.075919
0.079776
0.092391
0.078295
0.032765
0.076056
0.034184
0.026867
0.030985
0.034436
0.037132
0.041905
0.027723
0.035198
0.031663
0.077484
0.076966
0.028919
0.064284
0.080199
0.080067
0.078805
0.091206
0.075696
0.078573
0.07795
0.08112
0.077111
0.078649
0.079526
0.078682
0.029229
0.078877
0.076506
0.035642
0.087738
0.098969
0.092528
0.077107
0.093621
0.079383
0.029583
0.090493
0.079493
0.033092
0.028869
0.031953
0.027011
0.032102
0.033232
0.032666
0.030758
0.02886
0.031894
0.031191
0.034664
0.026202
0.033007
0.038514
0.087494
0.081812
0.093832
0.074347
0.082221
0.074309
0.079282
0.076084
0.077695
0.076363
0.063834
0.08326
0.071858
0.080702
0.076483
0.075331
0.06734
0.076258
0.080402
0.077069
0.077395
0.080508
0.074172
0.060553
0.080726
0.074414
0.064449
0.079193
0.076763
0.076346
0.079483
0.080182
0.079404
0.075642
0.076662
0.083569
0.073159
0.0769
0.067101
0.076651
0.076712
0.077278
0.062061
0.080178
0.078213
0.078888
0.093156
0.079633
0.076615
0.079132
0.075476
0.083406
0.074059
0.078142
0.080194
0.075852
0.083714
0.074502
0.076253
0.080858
0.077324
0.078727
0.07596
0.079543
0.076494
0.080803
0.07342
0.062274
0.077331
0.075899
0.063695
0.062961
0.079508
0.077236
0.083812
0.072624
0.076701
0.081962
0.079762
0.076613
0.091821
0.080217
0.078847
0.076437
0.0811
0.091111
0.075985
0.079131
0.079554
0.074043
0.080763
0.076199
0.080082
0.079828
0.074293
0.081259
0.078647
0.076319
0.080152
0.073764
0.079014
0.077531
0.078408
0.058897
0.079989
0.085808
0.085474
0.079176
0.075549
0.079848
0.086696
0.067275
0.083603
0.078372
0.093814
0.078305
0.074403
0.080531
0.076037
0.066839
0.075872
0.08063
0.076744
0.0761
0.063661
0.08177
0.091129
0.078959
0.077777
0.079531
0.0735
0.091008
0.082365
0.081639
0.092741
0.079791
0.077543
0.092431
0.076258
0.077225
0.081577
0.097031
0.088959
0.07853
0.080751
0.074726
0.07977
0.07667
0.07525
0.079459
0.0753
0.086383
0.087163
0.081778
0.089688
0.083491
0.07788
0.073946
0.080918
0.075319
0.075287
0.078693
0.07788
0.093766
0.063627
0.077368
0.062356
0.080422
0.074699
0.064649
0.061407
0.079013
0.076236
0.067325
0.072229
0.080622
0.064005
0.074369
0.062873
0.065546
0.072968
0.081643
0.07931
0.07536
0.077625
0.064602
0.061881
0.059506
0.065366
0.075668
0.05932
0.064593
0.062807
0.062721
0.083631
0.070803
0.077807
0.06557
0.065444
0.073178
0.064091
0.076558
0.064569
0.063449
0.061995
0.060036
0.061766
0.065007
0.076967
0.079357
0.063028
0.076558
0.06339
0.06599
0.07245
0.064003
0.060399
0.075966
0.065643
0.060682
0.082016
0.075079
0.064494
0.06297
0.060247
0.07655
0.06312
0.064747
0.06084
0.063001
0.076655
0.062702
0.079845
0.078948
0.060873
0.058775
0.065429
0.061943
0.062004
0.064933
0.060435
0.035274
0.058743
0.060463
0.030727
0.064986
0.062142
0.079454
0.062421
0.062957
0.075822
0.077693
0.065175
0.031614
0.091833
0.031343
0.030572
0.06459
0.031596
0.062076
0.061974
0.063666
0.027145
0.065355
0.06633
0.027521
0.076975
0.060602
0.06699
0.030862
0.07417
0.065063
0.063213
0.074038
0.062852
0.065256
0.061741
0.058346
0.07934
0.061993
0.06404
0.061345
0.066124
0.059965
0.060645
0.065931
0.080527
0.060774
0.062801
0.076781
0.079685
0.062466
0.076347
0.061894
0.061086
0.083361
0.077708
0.075089
0.081557
0.072133
0.066642
0.077663
0.073765
0.033438
0.075526
0.080933
0.031978
0.030864
0.074356
0.032977
0.031298
0.078416
0.061938
0.062564
0.079591
0.076033
0.066091
0.062132
0.074887
0.079608
0.060314
0.078642
0.06296
0.063533
0.075968
0.076909
0.065638
0.062536
0.062489
0.077601
0.077445
0.074428
0.066765
0.076128
0.062472
0.061527
0.063819
0.078999
0.079041
0.062885
0.062519
0.076518
0.061459
0.06111
0.0695
0.07379
0.060838
0.065231
0.080405
0.073015
0.062298
0.066798
0.07345
0.066163
0.061694
0.079373
0.074707
0.062869
0.06291
0.061638
0.060441
0.066139
0.081655
0.078816
0.07279
0.063211
0.061824
0.061993
0.065979
0.057848
0.080602
0.06067
0.078534
0.064483
0.06006
0.063011
0.068843
0.073276
0.07613
0.064559
0.075961
0.0621
0.068641
0.075517
0.062099
0.078058
0.076325
0.079782
0.062066
0.076362
0.063984
0.062268
0.081246
0.073725
0.061947
0.068846
0.073051
0.060414
0.076616
0.06287
0.062432
0.063906
0.063281
0.063487
0.065664
0.074493
0.060334
0.067151
0.059836
0.061138
0.06238
0.065678
0.058507
0.064405
0.062813
0.058585
0.066392
0.060875
0.06027
0.067051
0.074926
0.063441
0.060864
0.061579
0.064767
0.062117
0.064542
0.06246
0.059584
0.0629
0.065865
0.062375
0.059124
0.061713
0.06365
0.062385
0.063146
0.061644
0.06152
0.064622
0.075949
0.078505
0.060826
0.048835
0.060574
0.078334
0.063981
0.043783
0.06182
0.049734
0.061496
0.061969
0.062259
0.062735
0.062252
0.063426
0.062174
0.046838
0.07707
0.062379
0.046936
0.06355
0.063134
0.061024
0.061795
0.06436
0.06121
0.064946
0.059624
0.06413
0.045699
0.045779
0.048261
0.061675
0.062813
0.046807
0.062004
0.06454
0.058693
0.067245
0.065233
0.071805
0.063161
0.063713
0.062143
0.045976
0.075908
0.066006
0.062118
0.070579
0.061558
0.054175
0.055018
0.058124
0.093282
0.072843
0.046845
0.066973
0.060026
0.06314
0.045505
0.06287
0.063109
0.101797
0.052965
0.061529
0.050601
0.063537
0.060781
0.060441
0.065111
0.060586
0.064775
0.059436
0.052416
0.056871
0.06808
0.060525
0.073184
0.076302
0.070366
0.076275
0.062153
0.066527
0.062189
0.060435
0.10017
0.112073
0.049131
0.060764
0.067565
0.059002
0.062191
0.071314
0.058689
0.062234
0.062806
0.056935
0.061852
0.04476
0.068066
0.073425
0.070828
0.063887
0.062135
0.072575
0.066997
0.0565
0.047775
0.068096
0.073365
0.064544
0.06
0.060222
0.063651
0.062123
0.06512
0.074009
0.062578
0.047718
0.063232
0.060845
0.05761
0.072148
0.060829
0.068735
0.071744
0.065673
0.059134
0.068508
0.055798
0.063202
0.063191
0.067524
0.058172
0.061063
0.079826
0.077486
0.061449
0.060723
0.064251
0.060733
0.0664
0.059817
0.061879
0.06178
0.061764
0.068981
0.055374
0.049854
0.065146
0.059665
0.093184
0.07171
0.062537
0.1069
0.078437
0.055162
0.058496
0.065463
0.066019
0.059761
0.059448
0.051269
0.06793
0.054574
0.063087
0.063739
0.064964
0.068331
0.069505
0.112659
0.061331
0.057201
0.047352
0.069729
0.069665
0.078676
0.048408
0.063818
0.058714
0.062627
0.06598
0.064758
0.063723
0.10007
0.080831
0.117415
0.056902
0.060376
0.06116
0.078497
0.052573
0.072729
0.063196
0.062271
0.080542
0.059371
0.063212
0.059774
0.085815
0.055215
0.048486
0.082311
0.062208
0.05877
0.045704
0.063023
0.063606
0.061161
0.049516
0.059837
0.048211
0.096809
0.061556
0.059391
0.06457
0.064367
0.06298
0.061594
0.065274
0.075483
0.060238
0.045881
0.072216
0.051343
0.06681
0.060943
0.061235
0.062685
0.069127
0.073101
0.079869
0.062242
0.075609
0.080673
0.077052
0.059428
0.067354
0.058798
0.078351
0.062323
0.065757
0.064067
0.079659
0.056972
0.062245
0.077482
0.067059
0.063898
0.054603
0.065883
0.059142
0.065167
0.07898
0.061578
0.067806
0.062258
0.07275
0.063771
0.079351
0.057819
0.067582
0.072403
0.072277
0.075133
0.07725
0.073591
0.077808
0.065304
0.058765
0.06515
0.07008
0.055433
0.067029
0.074002
0.07813
0.076996
0.076632
0.075764
0.066882
0.075439
0.079736
0.080309
0.030822
0.026538
0.031857
0.028731
0.032173
0.034645
0.029327
0.02898
0.033169
0.037438
0.074599
0.076467
0.079838
0.07959
0.073094
0.063045
0.069416
0.088036
0.066491
0.076831
0.080767
0.059019
0.060498
0.062989
0.078358
0.076395
0.07894
0.073577
0.067358
0.060013
0.064535
0.062174
0.05828
0.064387
0.062458
0.06291
0.063289
0.078609
0.061713
0.068285
0.061155
0.071738
0.060825
0.063921
0.060948
0.059346
0.047832
0.065767
0.04502
0.066405
0.076074
0.064675
0.060879
0.060087
0.067124
0.06643
0.05344
0.048134
0.065499
0.065847
0.072224
0.060675
0.160946
0.064232
0.059606
0.064717
0.062798
0.05787
0.066516
0.07155
0.067479
0.074837
0.062538
0.063614
0.079034
0.078591
0.031049
0.078637
0.074956
0.065701
0.065215
0.07265
0.064894
0.061238
0.063413
0.060629
0.061702
0.061941
0.063201
0.066044
0.072872
0.065127
0.061316
0.06781
0.056401
0.096928
0.059286
0.061361
0.068955
0.064943
0.071924
0.072866
0.077951
0.070735
0.057668
0.060798
0.069736
0.054875
0.068805
0.069697
0.070839
0.059377
0.06581
0.058738
0.098057
0.060115
0.096764
0.057513
0.065263
0.071286
0.074828
0.079418
0.058197
0.075595
0.076864
0.059998
0.066863
0.078061
0.066995
0.071586
0.065512
0.075826
0.058319
0.062086
0.068083
0.058701
0.063523
0.062453
0.060355
0.066584
0.060963
0.059509
0.06512
0.060293
0.063396
0.063577
0.063964
0.062963
0.076123
0.061604
0.063371
0.069037
0.057701
0.059358
0.062318
0.064726
0.060288
0.049063
0.06209
0.058049
0.063319
0.107741
0.071109
0.076871
0.058938
0.062956
0.060721
0.060463
0.048849
0.063697
0.061898
0.058739
0.065729
0.064218
0.075919
0.069215
0.059975
0.079733
0.070537
0.064627
0.062716
0.063877
0.060463
0.064156
0.074577
0.075464
0.056587
0.083327
0.066284
0.065186
0.07669
0.062558
0.063912
0.063153
0.058218
0.065788
0.066735
0.055745
0.061445
0.047827
0.064911
0.060049
0.066263
0.059047
0.062133
0.061271
0.06585
0.05861
0.046268
0.046392
0.050655
0.059398
0.064847
0.060795
0.063351
0.062449
0.061209
0.064299
0.07246
0.050319
0.045974
0.049721
0.063103
0.060709
0.061931
0.08592
0.076043
0.032152
0.030797
0.079738
0.074521
0.033531
0.032728
0.075434
0.094774
0.079633
0.091447
0.061066
0.0789
0.080816
0.026738
0.080677
0.028769
0.076082
0.033728
0.03097
0.07711
0.080426
0.032261
0.028452
0.031928
0.031882
0.026446
0.033693
0.080952
0.030898
0.027643
0.060651
0.068782
0.031261
0.027296
0.03172
0.077635
0.084522
0.071385
0.079668
0.081812
0.026651
0.029716
0.062062
0.030449
0.068051
0.028135
0.032176
0.076748
0.031582
0.030691
0.031371
0.031774
0.03079
0.029488
0.029595
0.034412
0.075876
0.032175
0.031897
0.082526
0.026227
0.031893
0.029889
0.035494
0.076592
0.035067
0.073386
0.030643
0.028817
0.032522
0.037371
0.027852
0.028277
0.03185
0.030357
0.03213
0.030858
0.033654
0.028823
0.065858
0.074824
0.079022
0.065035
0.061673
0.07693
0.059815
0.062355
0.062426
0.062378
0.062596
0.092553
0.074762
0.079146
0.072182
0.059115
0.062596
0.071111
0.055196
0.062987
0.0583
0.06692
0.062131
0.057703
0.062502
0.06229
0.057707
0.049867
0.0597
0.063717
0.042825
0.063594
0.095279
0.066869
0.108977
0.07507
0.071514
0.076977
0.058814
0.059161
0.081406
0.072457
0.064577
