1.30503e+09  0  0  0
real:  1.4908  -1.1707  0.6603
1.30503e+09  0.00213411  -0.00589892  0.00491688
real:  1.4912  -1.1783  0.6591
1.30503e+09  0.00392289  -0.0134648  0.00913535
real:  1.4917  -1.1858  0.6578
1.30503e+09  0.00355772  -0.0178252  0.0139202
real:  1.4928  -1.1954  0.6559
1.30503e+09  0.00378537  -0.0227118  0.0186913
real:  1.4937  -1.2016  0.6551
1.30503e+09  0.00465608  -0.0270061  0.0238099
real:  1.4948  -1.2074  0.6545
1.30503e+09  0.00433172  -0.0307056  0.0278847
real:  1.4965  -1.214  0.6537
1.30503e+09  0.00322923  -0.0322458  0.0309543
real:  1.4976  -1.218  0.6534
1.30503e+09  0.00321329  -0.0345562  0.0333503
real:  1.4984  -1.2213  0.6528
1.30503e+09  0.00324813  -0.0367034  0.0356608
real:  1.4994  -1.2254  0.6522
1.30503e+09  0.00350971  -0.0388258  0.0375792
real:  1.4998  -1.228  0.6517
1.30503e+09  0.00425082  -0.0396867  0.0385726
real:  1.4998  -1.2294  0.6513
1.30503e+09  0.00471758  -0.0401318  0.0387223
real:  1.4996  -1.2302  0.6511
1.30503e+09  0.0043343  -0.0392451  0.0383644
real:  1.4996  -1.2296  0.651
1.30503e+09  0.00431798  -0.0352951  0.0374681
real:  1.4995  -1.2281  0.6513
1.30503e+09  0.00497824  -0.032616  0.0361395
real:  1.4997  -1.2241  0.6519
1.30503e+09  0.00639053  -0.030298  0.0339401
real:  1.4998  -1.2201  0.6519
1.30503e+09  0.00629243  -0.0274029  0.0303917
real:  1.4998  -1.216  0.6514
1.30503e+09  0.00197985  -0.0249671  0.0261159
real:  1.5004  -1.2093  0.6502
1.30503e+09  -0.000759343  -0.0201043  0.0214043
real:  1.5016  -1.2037  0.6494
1.30503e+09  -0.000179516  -0.0185109  0.016535
real:  1.5024  -1.1977  0.6491
1.30503e+09  -0.000682519  -0.0129832  0.0113448
real:  1.5037  -1.1892  0.6486
1.30503e+09  -0.00306374  -0.00715406  0.00571929
real:  1.5046  -1.1819  0.6487
1.30503e+09  -0.00436095  -0.00190996  9.1685e-05
real:  1.5056  -1.1743  0.6483
1.30503e+09  -0.00465993  0.00320232  -0.00648843
real:  1.5068  -1.1632  0.6479
1.30503e+09  -0.00519971  0.00790478  -0.0135869
real:  1.508  -1.1545  0.6475
1.30503e+09  -0.00769939  0.0155386  -0.0212068
real:  1.509  -1.1449  0.647
1.30503e+09  -0.00997188  0.0244657  -0.029392
real:  1.5106  -1.1312  0.6466
1.30503e+09  -0.0130665  0.0319695  -0.038063
real:  1.512  -1.1204  0.6467
1.30503e+09  -0.015897  0.0374021  -0.0465027
real:  1.514  -1.1095  0.6468
1.30503e+09  -0.0212741  0.042995  -0.0542846
real:  1.5172  -1.0946  0.6471
1.30503e+09  -0.0267639  0.0548354  -0.0627573
real:  1.5197  -1.083  0.6474
1.30503e+09  -0.0306298  0.0616977  -0.072046
real:  1.5225  -1.0711  0.6475
1.30503e+09  -0.0369062  0.0711482  -0.0809335
real:  1.5262  -1.0558  0.648
1.30503e+09  -0.0418837  0.079543  -0.0889638
real:  1.5296  -1.044  0.6482
1.30503e+09  -0.0450905  0.0874639  -0.0981611
real:  1.5327  -1.0319  0.6484
1.30503e+09  -0.0496576  0.0968988  -0.107658
real:  1.5369  -1.0157  0.6486
1.30503e+09  -0.0536588  0.109457  -0.116787
real:  1.5398  -1.0037  0.6486
1.30503e+09  -0.0596158  0.115794  -0.126515
real:  1.5427  -0.9914  0.6482
1.30503e+09  -0.0673072  0.125494  -0.136291
real:  1.5467  -0.975  0.6475
1.30503e+09  -0.0706367  0.131793  -0.14693
real:  1.5494  -0.963  0.6473
1.30503e+09  -0.0726207  0.141813  -0.157798
real:  1.5517  -0.9506  0.6471
1.30503e+09  -0.0768672  0.153339  -0.167719
real:  1.5543  -0.9343  0.6478
1.30503e+09  -0.0804311  0.162173  -0.177635
real:  1.5559  -0.9221  0.6484
1.30503e+09  -0.0836681  0.171133  -0.187145
real:  1.5574  -0.9091  0.6497
1.30503e+09  -0.0876609  0.17824  -0.197077
real:  1.559  -0.8919  0.6513
1.30503e+09  -0.0926619  0.188235  -0.206874
real:  1.5607  -0.879  0.6524
1.30503e+09  -0.0944687  0.198748  -0.218693
real:  1.5615  -0.8656  0.6539
1.30503e+09  -0.0942378  0.205799  -0.230613
real:  1.5626  -0.8474  0.6556
1.30503e+09  -0.096405  0.216002  -0.242374
real:  1.5633  -0.8337  0.6569
1.30503e+09  -0.100893  0.225299  -0.253728
real:  1.5639  -0.8199  0.6581
1.30503e+09  -0.101308  0.231887  -0.266388
real:  1.5646  -0.8022  0.66
1.30503e+09  -0.102564  0.239806  -0.277905
real:  1.5644  -0.788  0.6617
1.30503e+09  -0.10325  0.247824  -0.289292
real:  1.5644  -0.7743  0.6628
1.30503e+09  -0.10541  0.258587  -0.301836
real:  1.5638  -0.7559  0.6648
1.30503e+09  -0.107483  0.266063  -0.313418
real:  1.5633  -0.7425  0.6663
1.30503e+09  -0.109113  0.2727  -0.324985
real:  1.5628  -0.7285  0.6674
1.30503e+09  -0.107587  0.280377  -0.337297
real:  1.5615  -0.7096  0.6691
1.30503e+09  -0.105381  0.288972  -0.351014
real:  1.5603  -0.6954  0.6694
1.30503e+09  -0.11158  0.299498  -0.363576
real:  1.5592  -0.6804  0.6694
1.30503e+09  -0.113105  0.304668  -0.376335
real:  1.5578  -0.661  0.6687
1.30503e+09  -0.108191  0.317398  -0.389656
real:  1.5566  -0.6462  0.6686
1.30503e+09  -0.104354  0.327681  -0.402743
real:  1.555  -0.6312  0.669
1.30503e+09  -0.0966318  0.339173  -0.416509
real:  1.5525  -0.6108  0.67
1.30503e+09  -0.0892406  0.34579  -0.432017
real:  1.5508  -0.5958  0.6703
1.30503e+09  -0.086217  0.356407  -0.445569
real:  1.5492  -0.5805  0.6706
1.30503e+09  -0.0838945  0.364765  -0.458354
real:  1.5474  -0.5615  0.6709
1.30503e+09  -0.0791184  0.378924  -0.471092
real:  1.5457  -0.5477  0.6706
1.30503e+09  -0.0780809  0.384345  -0.484857
real:  1.5442  -0.5336  0.6706
1.30503e+09  -0.0806318  0.396282  -0.496343
real:  1.5425  -0.515  0.6705
1.30503e+09  -0.0829061  0.404892  -0.509887
real:  1.5414  -0.5003  0.6707
1.30503e+09  -0.0831073  0.410001  -0.523517
real:  1.5408  -0.4853  0.6705
1.30503e+09  -0.0842511  0.420554  -0.536422
real:  1.5403  -0.4654  0.6706
1.30503e+09  -0.0888869  0.430875  -0.550432
real:  1.5403  -0.4496  0.6707
1.30503e+09  -0.091242  0.437793  -0.564471
real:  1.5401  -0.4339  0.6705
1.30503e+09  -0.0916945  0.447452  -0.57961
real:  1.5406  -0.4126  0.6695
1.30503e+09  -0.0964064  0.4538  -0.595474
real:  1.5413  -0.3959  0.668
1.30503e+09  -0.102896  0.464796  -0.609218
real:  1.5423  -0.3792  0.6663
1.30503e+09  -0.106036  0.474478  -0.625833
real:  1.5437  -0.3565  0.6636
1.30503e+09  -0.109991  0.483616  -0.643258
real:  1.5448  -0.3392  0.6615
1.30503e+09  -0.11462  0.491195  -0.660397
real:  1.5461  -0.3219  0.6597
1.30503e+09  -0.126416  0.499061  -0.676154
real:  1.549  -0.2992  0.6571
1.30503e+09  -0.135811  0.509565  -0.688357
real:  1.5507  -0.2826  0.6564
1.30503e+09  -0.136842  0.521416  -0.703295
real:  1.5536  -0.2665  0.6552
1.30503e+09  -0.138464  0.532513  -0.718666
real:  1.5566  -0.2441  0.6535
1.30503e+09  -0.145891  0.545422  -0.730823
real:  1.5589  -0.2277  0.6519
1.30503e+09  -0.151007  0.557264  -0.743612
real:  1.5611  -0.2117  0.6504
1.30503e+09  -0.155805  0.570604  -0.756553
real:  1.5636  -0.1906  0.6484
1.30503e+09  -0.164228  0.581227  -0.768571
real:  1.565  -0.1744  0.647
1.30503e+09  -0.170145  0.590282  -0.781922
real:  1.5666  -0.1602  0.6459
1.30503e+09  -0.173187  0.602103  -0.79553
real:  1.5671  -0.1386  0.6457
1.30503e+09  -0.177655  0.60809  -0.808562
real:  1.5677  -0.1238  0.6455
1.30503e+09  -0.178909  0.620735  -0.820216
real:  1.568  -0.1092  0.6452
1.30503e+09  -0.179855  0.630793  -0.83324
real:  1.5687  -0.0909  0.646
1.30503e+09  -0.181267  0.64005  -0.845874
real:  1.5687  -0.0771  0.6466
1.30503e+09  -0.180899  0.647327  -0.860403
real:  1.5687  -0.0641  0.6478
1.30503e+09  -0.183716  0.651849  -0.875391
real:  1.5686  -0.0468  0.6493
1.30503e+09  -0.187203  0.649725  -0.890639
real:  1.5685  -0.0346  0.6505
1.30503e+09  -0.184628  0.652239  -0.905295
real:  1.5684  -0.0233  0.6514
1.30503e+09  -0.180555  0.652875  -0.919478
real:  1.5679  -0.009  0.6525
1.30503e+09  -0.178396  0.654848  -0.931284
real:  1.5675  0.0007  0.6528
1.30503e+09  -0.17979  0.655151  -0.941418
real:  1.5666  0.0084  0.6533
1.30503e+09  -0.180254  0.653736  -0.949644
real:  1.5655  0.017  0.6537
1.30503e+09  -0.181984  0.656069  -0.95394
real:  1.5644  0.0218  0.6538
1.30503e+09  -0.180326  0.659227  -0.9585
real:  1.5633  0.0253  0.654
1.30503e+09  -0.178982  0.654943  -0.963157
real:  1.5616  0.0283  0.6541
1.30503e+09  -0.181337  0.652288  -0.962886
real:  1.5601  0.0291  0.6539
1.30503e+09  -0.177721  0.655745  -0.961139
real:  1.5591  0.0286  0.6527
1.30503e+09  -0.170565  0.656053  -0.960437
real:  1.5574  0.0271  0.6514
1.30503e+09  -0.169205  0.656835  -0.956969
real:  1.5561  0.0247  0.6499
1.30503e+09  -0.163917  0.657045  -0.953304
real:  1.5554  0.0218  0.6485
1.30503e+09  -0.155295  0.657823  -0.948705
real:  1.5542  0.0165  0.6467
1.30503e+09  -0.148386  0.662553  -0.942172
real:  1.5536  0.012  0.6456
1.30503e+09  -0.144259  0.663224  -0.935415
real:  1.553  0.0068  0.6447
1.30503e+09  -0.132109  0.662957  -0.930591
real:  1.5527  -0.0006  0.6439
1.30503e+09  -0.121983  0.661643  -0.924481
real:  1.5523  -0.0072  0.6434
1.30503e+09  -0.116263  0.663915  -0.915285
real:  1.552  -0.014  0.6429
1.30503e+09  -0.10592  0.65903  -0.909375
real:  1.5532  -0.0261  0.6424
1.30503e+09  -0.0947134  0.657201  -0.901544
real:  1.5536  -0.0349  0.6417
1.30503e+09  -0.0834297  0.653377  -0.892548
real:  1.5533  -0.0435  0.6422
1.30503e+09  -0.0699284  0.655194  -0.880624
real:  1.5527  -0.0566  0.6438
1.30503e+09  -0.0445422  0.648048  -0.87438
real:  1.5518  -0.0667  0.6451
1.30503e+09  -0.0160472  0.642116  -0.866313
real:  1.5504  -0.0769  0.6466
1.30503e+09  0.00602783  0.638947  -0.85522
real:  1.5485  -0.0911  0.6483
1.30503e+09  0.0247465  0.632451  -0.845596
real:  1.5465  -0.1017  0.6497
1.30503e+09  0.0470222  0.620853  -0.837304
real:  1.5443  -0.1128  0.6506
1.30503e+09  0.0658956  0.612712  -0.827444
real:  1.5407  -0.1271  0.6513
1.30503e+09  0.0744339  0.605199  -0.816813
real:  1.5376  -0.1385  0.6513
1.30503e+09  0.0863286  0.599309  -0.805288
real:  1.5348  -0.1491  0.6513
1.30503e+09  0.105146  0.591341  -0.796106
real:  1.531  -0.1634  0.6517
1.30503e+09  0.121808  0.576297  -0.78925
real:  1.5281  -0.174  0.6518
1.30503e+09  0.138188  0.565201  -0.777989
real:  1.5256  -0.1854  0.6515
1.30503e+09  0.155193  0.555906  -0.764906
real:  1.5216  -0.2012  0.6511
1.30503e+09  0.17333  0.551114  -0.749734
real:  1.5187  -0.2127  0.651
1.30503e+09  0.185154  0.54759  -0.734549
real:  1.5157  -0.225  0.6514
1.30503e+09  0.194375  0.542789  -0.719651
real:  1.5121  -0.2406  0.6523
1.30503e+09  0.206798  0.53586  -0.706348
real:  1.5094  -0.2519  0.6535
1.30503e+09  0.212553  0.530709  -0.693117
real:  1.5073  -0.2631  0.6542
1.30503e+09  0.218021  0.527366  -0.678188
real:  1.5051  -0.2778  0.6553
1.30503e+09  0.22861  0.521714  -0.665356
real:  1.5037  -0.2887  0.6562
1.30503e+09  0.230868  0.518831  -0.652856
real:  1.5024  -0.2989  0.6572
1.30503e+09  0.23294  0.513789  -0.641217
real:  1.5013  -0.3129  0.6582
1.30503e+09  0.233119  0.507262  -0.631417
real:  1.501  -0.3235  0.6587
1.30503e+09  0.229921  0.504494  -0.621516
real:  1.5009  -0.3338  0.6596
1.30503e+09  0.22743  0.496585  -0.612478
real:  1.5015  -0.3472  0.6607
1.30503e+09  0.231504  0.488456  -0.602982
real:  1.5018  -0.358  0.6615
1.30503e+09  0.231014  0.479826  -0.594438
real:  1.5025  -0.372  0.6626
1.30503e+09  0.23195  0.468394  -0.585327
real:  1.5029  -0.3839  0.6626
1.30503e+09  0.231353  0.460758  -0.574514
real:  1.503  -0.3955  0.663
1.30503e+09  0.230018  0.453489  -0.563309
real:  1.5029  -0.4079  0.6633
1.30503e+09  0.228491  0.449307  -0.55048
real:  1.5023  -0.4246  0.6639
1.30503e+09  0.225142  0.441012  -0.540449
real:  1.502  -0.4371  0.6645
1.30503e+09  0.222177  0.430791  -0.530584
real:  1.5015  -0.4542  0.6647
1.30503e+09  0.218613  0.419655  -0.520437
real:  1.5016  -0.4672  0.6648
1.30503e+09  0.216548  0.410166  -0.508642
real:  1.5018  -0.4814  0.6643
1.30503e+09  0.220458  0.403015  -0.494757
real:  1.5025  -0.4988  0.6646
1.30503e+09  0.230335  0.393691  -0.478982
real:  1.5031  -0.5121  0.6651
1.30503e+09  0.234482  0.383584  -0.465511
real:  1.5033  -0.525  0.6652
1.30503e+09  0.239001  0.376008  -0.450383
real:  1.5038  -0.5418  0.6648
1.30503e+09  0.242118  0.368833  -0.434339
real:  1.5038  -0.5539  0.6644
1.30503e+09  0.248303  0.36075  -0.419518
real:  1.5042  -0.5654  0.6635
1.30503e+09  0.257299  0.355464  -0.404261
real:  1.5043  -0.5797  0.6632
1.30503e+09  0.265524  0.348766  -0.389594
real:  1.5041  -0.5894  0.6624
1.30503e+09  0.27644  0.343849  -0.375374
real:  1.5038  -0.5983  0.6628
1.30503e+09  0.287447  0.336727  -0.362229
real:  1.5027  -0.6076  0.6635
1.30503e+09  0.295118  0.327055  -0.350707
real:  1.5018  -0.6145  0.6637
1.30503e+09  0.306413  0.315568  -0.339831
real:  1.5008  -0.6209  0.6636
1.30503e+09  0.321633  0.305192  -0.325521
real:  1.499  -0.6279  0.6634
1.30503e+09  0.335451  0.295824  -0.313032
real:  1.497  -0.6327  0.6637
1.30503e+09  0.350555  0.285086  -0.299912
real:  1.4946  -0.6375  0.6642
1.30503e+09  0.360742  0.273517  -0.286304
real:  1.4907  -0.6432  0.6658
1.30503e+09  0.374919  0.263862  -0.270794
real:  1.4873  -0.6469  0.6674
1.30503e+09  0.398204  0.248346  -0.253067
real:  1.4833  -0.6514  0.669
1.30503e+09  0.414592  0.227845  -0.238505
real:  1.4784  -0.6563  0.6703
1.30503e+09  0.425418  0.209615  -0.22523
real:  1.4744  -0.6601  0.6708
1.30503e+09  0.432288  0.196763  -0.211553
real:  1.4702  -0.6643  0.6714
1.30503e+09  0.439278  0.183733  -0.197
real:  1.4647  -0.6705  0.6722
1.30503e+09  0.446336  0.171179  -0.180096
real:  1.4603  -0.6762  0.6726
1.30503e+09  0.451004  0.15955  -0.163749
real:  1.4559  -0.682  0.6726
1.30503e+09  0.452794  0.148861  -0.14984
real:  1.45  -0.6907  0.6713
1.30503e+09  0.454263  0.139649  -0.135221
real:  1.4458  -0.6968  0.6711
1.30503e+09  0.45807  0.130937  -0.11798
real:  1.4411  -0.7028  0.6703
1.30503e+09  0.454953  0.121488  -0.10685
real:  1.4346  -0.7113  0.6697
1.30503e+09  0.452085  0.113239  -0.0937864
real:  1.4297  -0.7174  0.6695
1.30503e+09  0.451712  0.105366  -0.079993
real:  1.4245  -0.7233  0.6696
1.30503e+09  0.452678  0.0956851  -0.0650578
real:  1.417  -0.7316  0.6696
1.30503e+09  0.451837  0.0846576  -0.0500101
real:  1.4111  -0.7378  0.6694
1.30503e+09  0.451569  0.0737473  -0.0340192
real:  1.4027  -0.746  0.6689
1.30503e+09  0.44812  0.0633022  -0.020387
real:  1.3957  -0.7523  0.6686
1.30503e+09  0.441931  0.054102  -0.00906033
real:  1.3889  -0.7576  0.6691
1.30503e+09  0.440741  0.0452915  0.00665604
real:  1.3785  -0.7653  0.6699
1.30503e+09  0.436074  0.0370073  0.0186952
real:  1.3701  -0.7718  0.6713
1.30503e+09  0.432977  0.0279634  0.0366434
real:  1.3618  -0.7775  0.6727
1.30503e+09  0.43158  0.0179912  0.0549575
real:  1.3501  -0.7851  0.6738
1.30503e+09  0.429594  0.0077577  0.0734044
real:  1.3405  -0.7913  0.6746
1.30503e+09  0.424582  -0.00256962  0.0921836
real:  1.3304  -0.7971  0.6754
1.30503e+09  0.422082  -0.0122305  0.113161
real:  1.3159  -0.8056  0.6762
1.30503e+09  0.41746  -0.0237454  0.131718
real:  1.3045  -0.8113  0.6768
1.30503e+09  0.409657  -0.0351466  0.145325
real:  1.2933  -0.8163  0.6775
1.30503e+09  0.403162  -0.0441559  0.160114
real:  1.2777  -0.8234  0.6786
1.30503e+09  0.397543  -0.052662  0.174549
real:  1.266  -0.8283  0.6792
1.30503e+09  0.393866  -0.0612643  0.190042
real:  1.2539  -0.8328  0.6798
1.30503e+09  0.391129  -0.06994  0.207609
real:  1.2377  -0.8398  0.6799
1.30503e+09  0.38662  -0.0809671  0.224285
real:  1.2253  -0.8435  0.6793
1.30503e+09  0.380825  -0.0944499  0.2406
real:  1.2132  -0.8478  0.6788
1.30503e+09  0.372649  -0.107237  0.251721
real:  1.1973  -0.8526  0.678
1.30503e+09  0.366247  -0.118953  0.265894
real:  1.1859  -0.8556  0.6773
1.30503e+09  0.359511  -0.131154  0.279285
real:  1.1742  -0.8586  0.6767
1.30503e+09  0.352883  -0.142467  0.293419
real:  1.1585  -0.8606  0.6769
1.30503e+09  0.347126  -0.153439  0.308062
real:  1.147  -0.862  0.6772
1.30503e+09  0.339593  -0.165252  0.322893
real:  1.1351  -0.8632  0.6775
1.30503e+09  0.33079  -0.177135  0.340227
real:  1.1191  -0.8619  0.6777
1.30503e+09  0.324915  -0.187754  0.354582
real:  1.1064  -0.8613  0.6783
1.30503e+09  0.316904  -0.198189  0.372097
real:  1.0935  -0.8601  0.679
1.30503e+09  0.308686  -0.209101  0.388667
real:  1.0759  -0.8579  0.6794
1.30503e+09  0.30108  -0.220266  0.406182
real:  1.0626  -0.8559  0.6797
1.30503e+09  0.292291  -0.231415  0.42152
real:  1.0494  -0.8536  0.6791
1.30503e+09  0.282507  -0.241984  0.436556
real:  1.0313  -0.8498  0.6779
1.30503e+09  0.276258  -0.253288  0.453719
real:  1.0176  -0.8465  0.6765
1.30503e+09  0.26916  -0.266301  0.469789
real:  1.0037  -0.843  0.675
1.30503e+09  0.257928  -0.281194  0.483867
real:  0.9844  -0.8381  0.6724
1.30503e+09  0.247092  -0.29771  0.497623
real:  0.9697  -0.8341  0.6702
1.30503e+09  0.238915  -0.314894  0.51121
real:  0.9547  -0.8304  0.6679
1.30503e+09  0.231512  -0.331278  0.523604
real:  0.9354  -0.825  0.6651
1.30503e+09  0.225067  -0.348786  0.53497
real:  0.9209  -0.8211  0.6634
1.30503e+09  0.221545  -0.364662  0.544613
real:  0.9069  -0.8172  0.6624
1.30503e+09  0.219333  -0.377814  0.555198
real:  0.8892  -0.8119  0.6613
1.30503e+09  0.218166  -0.389793  0.565705
real:  0.8767  -0.8084  0.6607
1.30503e+09  0.217088  -0.400933  0.575332
real:  0.8649  -0.805  0.6599
1.30503e+09  0.214015  -0.412902  0.585081
real:  0.8493  -0.8015  0.6587
1.30503e+09  0.211004  -0.424129  0.593065
real:  0.8385  -0.7996  0.6582
1.30503e+09  0.207571  -0.433645  0.600708
real:  0.8285  -0.798  0.6581
1.30503e+09  0.204088  -0.443008  0.607701
real:  0.8163  -0.7966  0.6583
1.30503e+09  0.200137  -0.450973  0.614036
real:  0.808  -0.7956  0.6585
1.30503e+09  0.195372  -0.457461  0.620402
real:  0.8004  -0.7951  0.6587
1.30503e+09  0.192109  -0.462212  0.627516
real:  0.7912  -0.7947  0.659
1.30503e+09  0.188036  -0.465494  0.634158
real:  0.7846  -0.7945  0.6593
1.30503e+09  0.183968  -0.470619  0.640937
real:  0.7784  -0.7945  0.659
1.30503e+09  0.179469  -0.475833  0.646043
real:  0.7705  -0.7944  0.6592
1.30503e+09  0.176222  -0.480657  0.651773
real:  0.7646  -0.7943  0.6591
1.30503e+09  0.173255  -0.485553  0.656853
real:  0.7594  -0.7942  0.6588
1.30503e+09  0.170368  -0.490537  0.660823
real:  0.7522  -0.794  0.6586
1.30503e+09  0.167749  -0.493658  0.664189
real:  0.7473  -0.7938  0.6582
1.30503e+09  0.167788  -0.498211  0.668963
real:  0.7421  -0.7938  0.6579
1.30503e+09  0.165796  -0.502897  0.672944
real:  0.7355  -0.794  0.6571
1.30503e+09  0.160465  -0.507844  0.674204
real:  0.7303  -0.7943  0.657
1.30503e+09  0.156301  -0.510415  0.678683
real:  0.7252  -0.7945  0.6572
1.30503e+09  0.152372  -0.514888  0.682589
real:  0.7184  -0.7945  0.6574
1.30503e+09  0.149282  -0.519543  0.686393
real:  0.7134  -0.7943  0.6573
1.30503e+09  0.148315  -0.523072  0.690229
real:  0.7083  -0.7939  0.6571
1.30503e+09  0.148531  -0.528312  0.693261
real:  0.7015  -0.7936  0.6561
1.30503e+09  0.146745  -0.534145  0.695026
real:  0.6965  -0.7934  0.6556
1.30503e+09  0.143576  -0.539047  0.696741
real:  0.692  -0.7935  0.6555
1.30503e+09  0.141482  -0.542814  0.701869
real:  0.6861  -0.7937  0.6556
1.30503e+09  0.138225  -0.548024  0.704596
real:  0.6823  -0.7939  0.6554
1.30503e+09  0.134666  -0.55242  0.707247
real:  0.6789  -0.7943  0.6553
1.30503e+09  0.131575  -0.556656  0.7112
real:  0.6759  -0.7946  0.6552
1.30503e+09  0.12926  -0.560416  0.713834
real:  0.6726  -0.7951  0.6548
1.30503e+09  0.126985  -0.563643  0.716504
real:  0.6707  -0.7956  0.6548
1.30503e+09  0.120951  -0.56427  0.714582
real:  0.6694  -0.7959  0.655
1.30503e+09  0.116295  -0.565132  0.713585
real:  0.6687  -0.797  0.655
1.30503e+09  0.110553  -0.565694  0.713906
real:  0.6691  -0.7977  0.6546
1.30503e+09  0.103227  -0.566027  0.712603
real:  0.6698  -0.7986  0.6547
1.30503e+09  0.0993494  -0.565988  0.713317
real:  0.6716  -0.7997  0.655
1.30503e+09  0.0961289  -0.564915  0.71528
real:  0.6737  -0.8006  0.6552
1.30503e+09  0.0931548  -0.562294  0.713708
real:  0.6775  -0.802  0.6557
1.30503e+09  0.09021  -0.558512  0.712245
real:  0.681  -0.8031  0.656
1.30503e+09  0.0880944  -0.554453  0.710791
real:  0.6849  -0.8043  0.6565
1.30503e+09  0.0847503  -0.550593  0.712442
real:  0.6893  -0.8055  0.6569
1.30503e+09  0.0810064  -0.544865  0.710162
real:  0.6958  -0.8072  0.6571
1.30503e+09  0.0776752  -0.539524  0.708491
real:  0.7011  -0.8085  0.6574
1.30503e+09  0.0726561  -0.534494  0.706451
real:  0.7082  -0.8105  0.6581
1.30503e+09  0.0676478  -0.528309  0.703623
real:  0.7137  -0.812  0.6584
1.30503e+09  0.0613359  -0.522099  0.700715
real:  0.7191  -0.8136  0.659
1.30503e+09  0.054215  -0.515428  0.699349
real:  0.7264  -0.816  0.6602
1.30503e+09  0.0491431  -0.508962  0.69572
real:  0.7319  -0.8178  0.6614
1.30503e+09  0.0421123  -0.500969  0.694222
real:  0.7372  -0.8199  0.6627
1.30503e+09  0.0359377  -0.493887  0.693432
real:  0.7444  -0.8226  0.6642
1.30503e+09  0.0304793  -0.487554  0.69029
real:  0.7499  -0.8245  0.6654
1.30503e+09  0.0234568  -0.481405  0.688451
real:  0.7555  -0.8266  0.6662
1.30503e+09  0.0176536  -0.476463  0.686639
real:  0.7628  -0.8296  0.6675
1.30503e+09  0.013765  -0.471399  0.684096
real:  0.7679  -0.8318  0.6687
1.30503e+09  0.00850486  -0.46409  0.681116
real:  0.7729  -0.8338  0.67
1.30503e+09  0.00376438  -0.458529  0.678319
real:  0.7798  -0.8366  0.6717
1.30503e+09  0.000298213  -0.451443  0.676247
real:  0.7849  -0.8388  0.6727
1.30503e+09  -0.00332492  -0.445072  0.674441
real:  0.7902  -0.8408  0.6735
1.30503e+09  -0.00565321  -0.439319  0.670593
real:  0.7972  -0.8437  0.6738
1.30503e+09  -0.00829825  -0.43495  0.668763
real:  0.8026  -0.8459  0.6735
1.30503e+09  -0.0146427  -0.43157  0.662976
real:  0.8084  -0.8479  0.6731
1.30503e+09  -0.019779  -0.427896  0.657578
real:  0.8165  -0.8506  0.672
1.30503e+09  -0.0243998  -0.424176  0.651392
real:  0.8226  -0.8526  0.6713
1.30503e+09  -0.0293307  -0.419258  0.645597
real:  0.829  -0.8543  0.6704
1.30503e+09  -0.0327868  -0.416103  0.638555
real:  0.8383  -0.8568  0.6688
1.30503e+09  -0.0361331  -0.411149  0.632084
real:  0.8457  -0.859  0.6677
1.30503e+09  -0.0394025  -0.4057  0.625702
real:  0.8532  -0.8611  0.6667
1.30503e+09  -0.0417144  -0.399824  0.618604
real:  0.8612  -0.8633  0.6657
1.30503e+09  -0.0442508  -0.393549  0.613091
real:  0.8718  -0.8668  0.6643
1.30503e+09  -0.0492016  -0.387736  0.606303
real:  0.8798  -0.8697  0.6634
1.30503e+09  -0.0526698  -0.381524  0.597978
real:  0.8883  -0.8728  0.6624
1.30503e+09  -0.0555662  -0.37446  0.59087
real:  0.8997  -0.8774  0.6609
1.30503e+09  -0.0612086  -0.366976  0.583386
real:  0.9084  -0.8812  0.66
1.30503e+09  -0.0649233  -0.36069  0.575652
real:  0.9166  -0.885  0.6591
1.30503e+09  -0.07016  -0.354253  0.568149
real:  0.9274  -0.8906  0.6584
1.30503e+09  -0.0770259  -0.34796  0.559816
real:  0.9347  -0.8951  0.6584
1.30503e+09  -0.0843986  -0.343468  0.551309
real:  0.9416  -0.8996  0.6584
1.30503e+09  -0.093467  -0.33861  0.54281
real:  0.9504  -0.9059  0.6582
1.30503e+09  -0.10299  -0.333383  0.534327
real:  0.9571  -0.9106  0.6582
1.30503e+09  -0.111377  -0.329533  0.524428
real:  0.9634  -0.9155  0.6581
1.30503e+09  -0.120743  -0.325037  0.515513
real:  0.9714  -0.9231  0.6576
1.30503e+09  -0.130332  -0.321358  0.506219
real:  0.9771  -0.9287  0.6574
1.30503e+09  -0.140394  -0.31554  0.495924
real:  0.9829  -0.9346  0.6574
1.30503e+09  -0.149851  -0.310231  0.486806
real:  0.991  -0.9425  0.6577
1.30503e+09  -0.158012  -0.301626  0.476764
real:  0.9973  -0.9487  0.6581
1.30503e+09  -0.162562  -0.292902  0.468174
real:  1.0032  -0.9545  0.6591
1.30503e+09  -0.168518  -0.283066  0.461228
real:  1.0115  -0.9627  0.661
1.30503e+09  -0.175549  -0.27332  0.454506
real:  1.0179  -0.9692  0.6628
1.30503e+09  -0.181296  -0.263189  0.446798
real:  1.0239  -0.9752  0.6642
1.30503e+09  -0.18995  -0.251553  0.439562
real:  1.0321  -0.9839  0.6666
1.30503e+09  -0.197561  -0.240691  0.431601
real:  1.0382  -0.9902  0.6684
1.30503e+09  -0.203814  -0.232159  0.424376
real:  1.0443  -0.9963  0.6698
1.30503e+09  -0.211851  -0.222004  0.416631
real:  1.0519  -1.0038  0.6718
1.30503e+09  -0.21745  -0.214095  0.408664
real:  1.0577  -1.0093  0.6726
1.30503e+09  -0.222946  -0.206238  0.400607
real:  1.0635  -1.0142  0.6734
1.30503e+09  -0.228277  -0.196541  0.393141
real:  1.0713  -1.0209  0.6749
1.30503e+09  -0.231454  -0.189108  0.385959
real:  1.0769  -1.0251  0.6763
1.30503e+09  -0.23639  -0.179839  0.378844
real:  1.0826  -1.0296  0.6779
1.30503e+09  -0.241378  -0.170453  0.371608
real:  1.0907  -1.0354  0.6795
1.30503e+09  -0.244587  -0.161796  0.364035
real:  1.0967  -1.0396  0.6807
1.30503e+09  -0.249896  -0.153156  0.356571
real:  1.1027  -1.0439  0.6823
1.30503e+09  -0.254525  -0.142662  0.348966
real:  1.1107  -1.0495  0.6845
1.30503e+09  -0.256956  -0.133644  0.341967
real:  1.1166  -1.0536  0.6863
1.30503e+09  -0.262388  -0.124521  0.334655
real:  1.1225  -1.0574  0.6883
1.30503e+09  -0.266494  -0.11356  0.327022
real:  1.1301  -1.0626  0.691
1.30503e+09  -0.269545  -0.101585  0.320107
real:  1.1358  -1.0667  0.6933
1.30503e+09  -0.275033  -0.091031  0.314018
real:  1.1415  -1.0708  0.6951
1.30503e+09  -0.277955  -0.0801863  0.305883
real:  1.1481  -1.0773  0.6974
1.30503e+09  -0.282088  -0.0696354  0.298634
real:  1.1529  -1.0814  0.6992
1.30503e+09  -0.29015  -0.0594885  0.292547
real:  1.1573  -1.0861  0.7004
1.30503e+09  -0.292097  -0.0510339  0.284028
real:  1.1625  -1.0925  0.7021
1.30503e+09  -0.294919  -0.0399763  0.27714
real:  1.1663  -1.0974  0.7034
1.30503e+09  -0.299357  -0.029237  0.270301
real:  1.1699  -1.1022  0.7042
1.30503e+09  -0.301093  -0.0226545  0.261657
real:  1.1741  -1.1092  0.7052
1.30503e+09  -0.306139  -0.0145699  0.254154
real:  1.1771  -1.1143  0.7057
1.30503e+09  -0.308659  -0.00792091  0.246305
real:  1.1798  -1.1198  0.7062
1.30503e+09  -0.309284  -0.0018751  0.238032
real:  1.1829  -1.1267  0.7068
1.30503e+09  -0.312107  0.00580455  0.230555
real:  1.1851  -1.1323  0.7069
1.30503e+09  -0.312891  0.0109839  0.223771
real:  1.187  -1.138  0.7068
1.30503e+09  -0.313822  0.0143505  0.215194
real:  1.1893  -1.1456  0.7059
1.30503e+09  -0.316679  0.0179472  0.207242
real:  1.1909  -1.1516  0.7047
1.30503e+09  -0.318582  0.0195377  0.197759
real:  1.1921  -1.1576  0.7034
1.30503e+09  -0.32076  0.0221366  0.188406
real:  1.1932  -1.1655  0.7017
1.30503e+09  -0.322542  0.0279058  0.180275
real:  1.1936  -1.1714  0.7004
1.30503e+09  -0.325218  0.0320737  0.172934
real:  1.1938  -1.177  0.6988
1.30503e+09  -0.327431  0.0344703  0.16267
real:  1.1938  -1.185  0.6966
1.30503e+09  -0.329555  0.0354624  0.153863
real:  1.1936  -1.1908  0.695
1.30503e+09  -0.330777  0.0355625  0.14386
real:  1.1934  -1.1967  0.6937
1.30503e+09  -0.333386  0.0386956  0.13644
real:  1.1924  -1.2048  0.692
1.30503e+09  -0.335377  0.0411052  0.126589
real:  1.1914  -1.2106  0.6906
1.30503e+09  -0.335998  0.0419123  0.117706
real:  1.1902  -1.2165  0.6892
1.30503e+09  -0.338897  0.0442479  0.110597
real:  1.1885  -1.2242  0.687
1.30503e+09  -0.340827  0.0430674  0.10019
real:  1.1866  -1.2298  0.6856
1.30503e+09  -0.342271  0.0425208  0.0921288
real:  1.1847  -1.2351  0.6846
1.30503e+09  -0.342697  0.0438151  0.0852184
real:  1.1825  -1.242  0.6833
1.30503e+09  -0.344772  0.0433916  0.0783881
real:  1.1809  -1.2472  0.6822
1.30503e+09  -0.348305  0.0447678  0.071965
real:  1.1788  -1.2521  0.6813
1.30503e+09  -0.349854  0.0473177  0.0653354
real:  1.176  -1.2581  0.6802
1.30503e+09  -0.352285  0.0506051  0.0582251
real:  1.1737  -1.2622  0.6797
1.30503e+09  -0.354289  0.0535332  0.0532194
real:  1.1713  -1.2661  0.6794
1.30503e+09  -0.356522  0.0555228  0.0480564
real:  1.1683  -1.2706  0.6788
1.30503e+09  -0.359348  0.0571343  0.0424022
real:  1.1662  -1.2732  0.6783
1.30503e+09  -0.361822  0.0614433  0.0409381
real:  1.1639  -1.2754  0.678
1.30503e+09  -0.363368  0.0637761  0.0380669
real:  1.1612  -1.2769  0.6771
1.30503e+09  -0.36537  0.0646066  0.0357863
real:  1.1593  -1.2773  0.6764
1.30503e+09  -0.367015  0.0652091  0.0354731
real:  1.1574  -1.2768  0.6757
1.30503e+09  -0.368936  0.0646383  0.0347984
real:  1.1551  -1.2755  0.6743
1.30503e+09  -0.371074  0.0656933  0.0349292
real:  1.1529  -1.274  0.6735
1.30503e+09  -0.372198  0.0650538  0.0333315
real:  1.1506  -1.272  0.6728
1.30503e+09  -0.373862  0.0646401  0.0338633
real:  1.1479  -1.2684  0.6719
1.30503e+09  -0.375627  0.0632475  0.0346094
real:  1.146  -1.2649  0.671
1.30503e+09  -0.377513  0.0614518  0.0358765
real:  1.1436  -1.2621  0.6706
1.30503e+09  -0.379207  0.059706  0.0382479
real:  1.1413  -1.2571  0.6697
1.30503e+09  -0.381265  0.0571002  0.040381
real:  1.1393  -1.2527  0.6692
1.30503e+09  -0.382946  0.055262  0.043146
real:  1.1371  -1.2481  0.669
1.30503e+09  -0.385479  0.0520736  0.047683
real:  1.1341  -1.2415  0.6682
1.30503e+09  -0.387598  0.0493009  0.049234
real:  1.132  -1.2365  0.6675
1.30503e+09  -0.389644  0.0483092  0.0529067
real:  1.13  -1.2318  0.6673
1.30503e+09  -0.390869  0.0449118  0.0558703
real:  1.1272  -1.2252  0.6667
1.30503e+09  -0.394538  0.0406553  0.0606163
real:  1.1255  -1.2196  0.6657
1.30503e+09  -0.397275  0.0369491  0.0642791
real:  1.1237  -1.2146  0.6642
1.30503e+09  -0.399982  0.032917  0.0674316
real:  1.1213  -1.2075  0.6617
1.30503e+09  -0.403568  0.027936  0.0686944
real:  1.1192  -1.2027  0.6597
1.30503e+09  -0.406694  0.0240941  0.0694743
real:  1.1172  -1.1979  0.6578
1.30503e+09  -0.407563  0.0207549  0.0705204
real:  1.1148  -1.1917  0.6557
1.30503e+09  -0.40925  0.0159521  0.0713313
real:  1.113  -1.1872  0.6547
1.30503e+09  -0.4116  0.0140382  0.0729063
real:  1.1115  -1.183  0.6536
1.30503e+09  -0.412773  0.0124143  0.0744894
real:  1.1096  -1.1781  0.6527
1.30503e+09  -0.41421  0.0100487  0.0755729
real:  1.1083  -1.1745  0.6525
1.30503e+09  -0.415189  0.00840101  0.0764732
real:  1.1067  -1.1713  0.6528
1.30503e+09  -0.415896  0.00780788  0.0787521
real:  1.1047  -1.1669  0.6538
1.30503e+09  -0.417488  0.00823359  0.0803936
real:  1.1031  -1.164  0.6548
1.30503e+09  -0.419752  0.00885166  0.0833529
real:  1.1012  -1.1608  0.6559
1.30503e+09  -0.422977  0.00980301  0.0867227
real:  1.0988  -1.1563  0.6573
1.30503e+09  -0.425739  0.00955175  0.0890153
real:  1.0969  -1.1527  0.6581
1.30503e+09  -0.428796  0.0103323  0.0912967
real:  1.095  -1.1493  0.6592
1.30503e+09  -0.430241  0.0102761  0.0941874
real:  1.0924  -1.1445  0.6603
1.30503e+09  -0.433115  0.00998519  0.0975958
real:  1.0906  -1.14  0.6611
1.30503e+09  -0.436808  0.00923065  0.100994
real:  1.0887  -1.1357  0.6619
1.30503e+09  -0.438953  0.00713125  0.103662
real:  1.0861  -1.1292  0.6627
1.30503e+09  -0.441965  0.00581226  0.106988
real:  1.084  -1.1239  0.6632
1.30503e+09  -0.445582  0.00377547  0.110675
real:  1.0821  -1.1184  0.6635
1.30503e+09  -0.449484  0.00213462  0.113762
real:  1.0791  -1.1106  0.6643
1.30503e+09  -0.451955  -0.000686336  0.115665
real:  1.0769  -1.105  0.6645
1.30503e+09  -0.456878  -0.00273958  0.119831
real:  1.075  -1.0992  0.6647
1.30503e+09  -0.461086  -0.0050498  0.122637
real:  1.0724  -1.0912  0.6645
1.30503e+09  -0.464094  -0.00769938  0.123398
real:  1.0706  -1.0857  0.6643
1.30503e+09  -0.467145  -0.0109191  0.126636
real:  1.0689  -1.08  0.6641
1.30503e+09  -0.470198  -0.0131101  0.128646
real:  1.0665  -1.073  0.6639
1.30503e+09  -0.4736  -0.0152994  0.129219
real:  1.0645  -1.0677  0.6639
1.30503e+09  -0.476545  -0.015689  0.130759
real:  1.0625  -1.0626  0.6642
1.30503e+09  -0.480832  -0.0152092  0.133501
real:  1.0593  -1.0558  0.665
1.30503e+09  -0.484203  -0.0145061  0.134471
real:  1.0571  -1.0506  0.6655
1.30503e+09  -0.489034  -0.0144031  0.138322
real:  1.0547  -1.0457  0.666
1.30503e+09  -0.493344  -0.0156729  0.141128
real:  1.0509  -1.0394  0.6666
1.30503e+09  -0.49804  -0.0175773  0.141038
real:  1.0478  -1.0348  0.6672
1.30503e+09  -0.502047  -0.018768  0.143559
real:  1.0449  -1.0296  0.6673
1.30503e+09  -0.50679  -0.019149  0.146617
real:  1.0405  -1.0231  0.6673
1.30503e+09  -0.511839  -0.0209005  0.147161
real:  1.0373  -1.0176  0.6671
1.30503e+09  -0.51802  -0.0239454  0.147658
real:  1.0337  -1.0126  0.6665
1.30503e+09  -0.522404  -0.0265095  0.148296
real:  1.0284  -1.0049  0.6657
1.30503e+09  -0.528079  -0.0274289  0.147689
real:  1.0242  -0.9996  0.6653
1.30503e+09  -0.535421  -0.0294212  0.148362
real:  1.0205  -0.9933  0.6643
1.30503e+09  -0.541203  -0.0314528  0.148121
real:  1.015  -0.9852  0.663
1.30503e+09  -0.546761  -0.0343369  0.147318
real:  1.011  -0.9792  0.6621
1.30503e+09  -0.553644  -0.036384  0.148187
real:  1.0072  -0.9732  0.6609
1.30503e+09  -0.560369  -0.0381147  0.148158
real:  1.0018  -0.9653  0.659
1.30503e+09  -0.565947  -0.0406836  0.148687
real:  0.9981  -0.9595  0.6576
1.30503e+09  -0.573353  -0.042503  0.148691
real:  0.994  -0.9542  0.6565
1.30503e+09  -0.581416  -0.0436701  0.147305
real:  0.9886  -0.9466  0.6553
1.30503e+09  -0.586406  -0.0445081  0.146199
real:  0.9847  -0.941  0.6546
1.30503e+09  -0.592661  -0.043414  0.146283
real:  0.9811  -0.9353  0.654
1.30503e+09  -0.598005  -0.0426903  0.147133
real:  0.9766  -0.9277  0.6538
1.30503e+09  -0.60324  -0.0422512  0.148432
real:  0.9734  -0.9217  0.6535
1.30503e+09  -0.608413  -0.0422558  0.150541
real:  0.9703  -0.9158  0.6532
1.30503e+09  -0.614527  -0.0426113  0.153474
real:  0.9661  -0.9076  0.6526
1.30503e+09  -0.62116  -0.0445298  0.155726
real:  0.9626  -0.9015  0.6519
1.30503e+09  -0.627934  -0.0458703  0.156618
real:  0.959  -0.8957  0.6515
1.30503e+09  -0.633954  -0.0471236  0.157426
real:  0.9546  -0.8865  0.6509
1.30503e+09  -0.640586  -0.0473075  0.158748
real:  0.9512  -0.8797  0.651
1.30503e+09  -0.647083  -0.0465878  0.160024
real:  0.9468  -0.87  0.651
1.30503e+09  -0.654267  -0.0450423  0.161828
real:  0.9437  -0.8622  0.6511
1.30503e+09  -0.659714  -0.0457003  0.163828
real:  0.941  -0.8545  0.6508
1.30503e+09  -0.666489  -0.0479147  0.167031
real:  0.9377  -0.8434  0.65
1.30503e+09  -0.672623  -0.0524436  0.169386
real:  0.9355  -0.8347  0.6499
1.30503e+09  -0.677208  -0.0560946  0.171085
real:  0.9337  -0.8262  0.6498
1.30503e+09  -0.681827  -0.0587002  0.174631
real:  0.9318  -0.8148  0.6495
1.30503e+09  -0.688639  -0.0622142  0.178449
real:  0.9304  -0.806  0.6496
1.30503e+09  -0.692892  -0.0644897  0.179917
real:  0.9288  -0.7982  0.6495
1.30503e+09  -0.696827  -0.0664834  0.183106
real:  0.9266  -0.7876  0.6488
1.30503e+09  -0.703322  -0.0690005  0.186852
real:  0.9252  -0.78  0.6478
1.30503e+09  -0.709208  -0.0722093  0.188096
real:  0.9236  -0.7726  0.6472
1.30503e+09  -0.712643  -0.0772286  0.188658
real:  0.9219  -0.7631  0.6458
1.30503e+09  -0.717403  -0.0798656  0.190329
real:  0.9206  -0.7565  0.6451
1.30503e+09  -0.722882  -0.0820847  0.191523
real:  0.9195  -0.75  0.6443
1.30503e+09  -0.726829  -0.0822494  0.191828
real:  0.9176  -0.742  0.6435
1.30503e+09  -0.731174  -0.082748  0.193515
real:  0.9163  -0.7362  0.643
1.30503e+09  -0.738156  -0.083555  0.194434
real:  0.9146  -0.7306  0.6422
1.30503e+09  -0.744889  -0.0831607  0.192704
real:  0.9125  -0.7228  0.642
1.30503e+09  -0.748733  -0.0836409  0.190933
real:  0.9109  -0.717  0.6424
1.30503e+09  -0.755434  -0.0820417  0.190866
real:  0.9095  -0.7109  0.6431
1.30503e+09  -0.760704  -0.0796764  0.18893
real:  0.9075  -0.7036  0.644
1.30503e+09  -0.765545  -0.0751893  0.187767
real:  0.9062  -0.6983  0.6443
1.30503e+09  -0.77203  -0.072217  0.187339
real:  0.905  -0.693  0.6447
1.30503e+09  -0.779743  -0.0716256  0.184761
real:  0.9034  -0.6862  0.6451
1.30503e+09  -0.78548  -0.0684926  0.179544
real:  0.9023  -0.6807  0.6456
1.30503e+09  -0.790054  -0.0632618  0.174111
real:  0.9014  -0.6755  0.6461
1.30503e+09  -0.795486  -0.0549682  0.170353
real:  0.9007  -0.6685  0.6467
1.30503e+09  -0.801804  -0.0496524  0.167028
real:  0.9004  -0.6634  0.6468
1.30503e+09  -0.80627  -0.0447128  0.162276
real:  0.9004  -0.6579  0.647
1.30503e+09  -0.809028  -0.0428886  0.15826
real:  0.9018  -0.651  0.646
1.30503e+09  -0.813911  -0.0429711  0.155554
real:  0.9025  -0.6457  0.6454
1.30503e+09  -0.818395  -0.0453808  0.150804
real:  0.9039  -0.6396  0.6443
1.30503e+09  -0.822583  -0.0468209  0.144732
real:  0.9056  -0.6332  0.6432
1.30503e+09  -0.826594  -0.0476193  0.137715
real:  0.9081  -0.6243  0.6419
1.30503e+09  -0.830376  -0.0462745  0.130645
real:  0.9104  -0.6173  0.6411
1.30503e+09  -0.832431  -0.0415395  0.123661
real:  0.9137  -0.6085  0.6407
1.30503e+09  -0.834333  -0.0398925  0.120934
real:  0.9166  -0.6019  0.64
1.30503e+09  -0.837512  -0.0429738  0.11974
real:  0.9196  -0.595  0.639
1.30503e+09  -0.84197  -0.0463301  0.116619
real:  0.9234  -0.5861  0.6371
1.30503e+09  -0.844473  -0.0486928  0.110766
real:  0.9259  -0.5794  0.6359
1.30503e+09  -0.845904  -0.048242  0.106311
real:  0.9292  -0.5733  0.6343
1.30503e+09  -0.849373  -0.0482933  0.104354
real:  0.9328  -0.5652  0.6324
1.30503e+09  -0.852283  -0.0486127  0.101638
real:  0.9352  -0.5594  0.6308
1.30503e+09  -0.855484  -0.0512625  0.0980482
real:  0.9379  -0.5534  0.6291
1.30503e+09  -0.857075  -0.0530131  0.0936581
real:  0.9413  -0.5456  0.6273
1.30503e+09  -0.859179  -0.0528082  0.0908672
real:  0.944  -0.5397  0.626
1.30503e+09  -0.862477  -0.0545843  0.0888571
real:  0.9467  -0.534  0.6249
1.30503e+09  -0.864141  -0.0542004  0.0853073
real:  0.9501  -0.5263  0.6233
1.30503e+09  -0.866899  -0.0530914  0.0834728
real:  0.9527  -0.5206  0.6221
1.30503e+09  -0.869369  -0.0535427  0.0799299
real:  0.9554  -0.5148  0.6209
1.30503e+09  -0.871356  -0.0542696  0.0767012
real:  0.9592  -0.5074  0.6194
1.30503e+09  -0.874056  -0.0516717  0.0734505
real:  0.9614  -0.502  0.6181
1.30503e+09  -0.876959  -0.0505872  0.0701983
real:  0.9636  -0.4966  0.6171
1.30503e+09  -0.880479  -0.050118  0.066426
real:  0.9668  -0.4896  0.6158
1.30503e+09  -0.881542  -0.0461425  0.0607994
real:  0.9689  -0.4845  0.6151
1.30503e+09  -0.885673  -0.042886  0.0583373
real:  0.9709  -0.4793  0.6147
1.30503e+09  -0.88897  -0.0389951  0.0545683
real:  0.9732  -0.4729  0.6141
1.30503e+09  -0.889401  -0.0348751  0.0506413
real:  0.9745  -0.4684  0.6139
1.30503e+09  -0.89319  -0.0307426  0.0503026
real:  0.9759  -0.4638  0.614
1.30503e+09  -0.897255  -0.0280748  0.0475199
real:  0.9776  -0.4576  0.614
1.30503e+09  -0.899089  -0.0250138  0.043213
real:  0.9785  -0.4528  0.6144
1.30503e+09  -0.90231  -0.0210927  0.0402029
real:  0.9794  -0.4482  0.6145
1.30503e+09  -0.906265  -0.0172823  0.0364419
real:  0.9803  -0.4421  0.6149
1.30503e+09  -0.9105  -0.0120974  0.0312496
real:  0.9807  -0.4372  0.6151
1.30503e+09  -0.913415  -0.00498129  0.0246611
real:  0.981  -0.4328  0.6159
1.30503e+09  -0.91754  -0.00104834  0.0188689
real:  0.9804  -0.4268  0.6161
1.30503e+09  -0.920946  0.00441563  0.0122154
real:  0.9804  -0.4224  0.6169
1.30503e+09  -0.923852  0.0106305  0.00457455
real:  0.9801  -0.4183  0.6182
1.30503e+09  -0.926535  0.0169049  -0.0033612
real:  0.9796  -0.4137  0.6189
1.30503e+09  -0.929918  0.0250646  -0.0100312
real:  0.9786  -0.4081  0.6204
1.30503e+09  -0.932631  0.0331855  -0.0167578
real:  0.9777  -0.4044  0.6219
1.30503e+09  -0.934122  0.0384354  -0.0243595
real:  0.977  -0.3994  0.6236
1.30503e+09  -0.936997  0.0453835  -0.0293584
real:  0.9764  -0.3959  0.625
1.30503e+09  -0.939506  0.0517422  -0.033332
real:  0.9755  -0.3927  0.6257
1.30503e+09  -0.942329  0.0527432  -0.038962
real:  0.9749  -0.3882  0.6267
1.30503e+09  -0.943805  0.0540034  -0.045614
real:  0.9736  -0.3854  0.6277
1.30503e+09  -0.945141  0.056121  -0.0510193
real:  0.9726  -0.383  0.6287
1.30503e+09  -0.946972  0.058823  -0.0564917
real:  0.971  -0.3796  0.6296
1.30503e+09  -0.949259  0.0636402  -0.0615119
real:  0.9698  -0.3773  0.6302
1.30503e+09  -0.951606  0.0672442  -0.0676737
real:  0.9684  -0.3752  0.6308
1.30503e+09  -0.950864  0.0714868  -0.0757596
real:  0.9662  -0.3731  0.6314
1.30503e+09  -0.951431  0.0757774  -0.0808492
real:  0.9644  -0.3719  0.6317
1.30503e+09  -0.953868  0.0818636  -0.0862282
real:  0.9624  -0.3706  0.6318
1.30503e+09  -0.953978  0.0876134  -0.0947864
real:  0.9592  -0.3697  0.6317
1.30503e+09  -0.953727  0.0942738  -0.102539
real:  0.9569  -0.369  0.6319
1.30503e+09  -0.955054  0.101595  -0.108858
real:  0.9541  -0.3685  0.6321
1.30503e+09  -0.954917  0.108203  -0.11656
real:  0.95  -0.3685  0.6328
1.30503e+09  -0.954269  0.115001  -0.123648
real:  0.9464  -0.3686  0.6334
1.30503e+09  -0.954854  0.124628  -0.128791
real:  0.9428  -0.3687  0.6341
1.30503e+09  -0.955915  0.132904  -0.135028
real:  0.9374  -0.3691  0.635
1.30503e+09  -0.95505  0.14197  -0.143656
real:  0.9329  -0.3695  0.6356
1.30503e+09  -0.954773  0.153566  -0.149967
real:  0.9278  -0.3707  0.6363
1.30503e+09  -0.954703  0.159071  -0.156433
real:  0.921  -0.3723  0.637
1.30503e+09  -0.955334  0.163454  -0.162627
real:  0.9153  -0.3737  0.6375
1.30503e+09  -0.956655  0.17009  -0.168545
real:  0.9095  -0.3751  0.6377
1.30503e+09  -0.957832  0.177525  -0.17608
real:  0.9013  -0.3771  0.6379
1.30503e+09  -0.957933  0.185786  -0.184606
real:  0.895  -0.3785  0.638
1.30503e+09  -0.958313  0.193384  -0.192283
real:  0.8881  -0.3801  0.6377
1.30503e+09  -0.959832  0.196168  -0.201252
real:  0.8793  -0.382  0.6373
1.30503e+09  -0.959156  0.203123  -0.210156
real:  0.8724  -0.3835  0.6368
1.30503e+09  -0.958516  0.21139  -0.216929
real:  0.8656  -0.385  0.6361
1.30503e+09  -0.961498  0.215049  -0.223098
real:  0.8564  -0.3868  0.6346
1.30503e+09  -0.961545  0.21877  -0.231643
real:  0.8496  -0.388  0.6332
1.30503e+09  -0.963096  0.221456  -0.238277
real:  0.8428  -0.3891  0.6317
1.30503e+09  -0.968466  0.226148  -0.244425
real:  0.8332  -0.39  0.6305
1.30503e+09  -0.970476  0.231871  -0.253888
real:  0.8258  -0.3904  0.6299
1.30503e+09  -0.970817  0.242583  -0.26347
real:  0.8179  -0.3909  0.6294
1.30503e+09  -0.971044  0.254136  -0.272552
real:  0.8071  -0.3915  0.6285
1.30503e+09  -0.974532  0.265757  -0.281435
real:  0.7985  -0.3915  0.6274
1.30503e+09  -0.977064  0.271371  -0.295975
real:  0.7902  -0.3917  0.6266
1.30503e+09  -0.974557  0.277253  -0.311311
real:  0.7785  -0.3922  0.6249
1.30503e+09  -0.976489  0.278681  -0.325184
real:  0.7699  -0.3923  0.6235
1.30503e+09  -0.978842  0.282099  -0.339827
real:  0.7606  -0.3927  0.6221
1.30503e+09  -0.979415  0.283119  -0.354863
real:  0.7512  -0.3929  0.6209
1.30503e+09  -0.981092  0.284857  -0.36998
real:  0.7391  -0.3932  0.6195
1.30503e+09  -0.977087  0.29276  -0.385687
real:  0.7297  -0.3934  0.6183
1.30503e+09  -0.975697  0.307111  -0.396434
real:  0.7175  -0.394  0.6172
1.30503e+09  -0.978294  0.317111  -0.406829
real:  0.7087  -0.3945  0.6164
1.30503e+09  -0.977424  0.320781  -0.420847
real:  0.6998  -0.3952  0.6159
1.30503e+09  -0.97555  0.324626  -0.432095
real:  0.6885  -0.3963  0.6157
1.30503e+09  -0.976502  0.327473  -0.439304
real:  0.6801  -0.3974  0.6156
1.30503e+09  -0.980999  0.331537  -0.444524
real:  0.672  -0.3979  0.6155
1.30503e+09  -0.983335  0.337798  -0.452014
real:  0.6611  -0.3988  0.6153
1.30503e+09  -0.98372  0.348282  -0.460585
real:  0.653  -0.3992  0.6152
1.30503e+09  -0.983894  0.357558  -0.471076
real:  0.6454  -0.3995  0.615
1.30503e+09  -0.982451  0.361761  -0.4842
real:  0.6354  -0.4003  0.6148
1.30503e+09  -0.980877  0.366086  -0.49614
real:  0.6281  -0.4009  0.6148
1.30503e+09  -0.977362  0.372573  -0.508207
real:  0.6208  -0.402  0.615
1.30503e+09  -0.975349  0.379577  -0.517161
real:  0.6112  -0.4037  0.6157
1.30503e+09  -0.973415  0.386277  -0.524413
real:  0.6039  -0.4052  0.6165
1.30503e+09  -0.975046  0.391853  -0.53084
real:  0.5965  -0.4066  0.6173
1.30503e+09  -0.973705  0.398496  -0.538765
real:  0.5869  -0.4085  0.6183
1.30503e+09  -0.97533  0.403592  -0.545186
real:  0.5797  -0.4099  0.619
1.30503e+09  -0.976636  0.405687  -0.555028
real:  0.5725  -0.4114  0.6192
1.30503e+09  -0.973411  0.408096  -0.566527
real:  0.5629  -0.4136  0.6191
1.30503e+09  -0.97398  0.411681  -0.574518
real:  0.5557  -0.4151  0.6191
1.30503e+09  -0.973806  0.41696  -0.585463
real:  0.5484  -0.4169  0.6195
1.30503e+09  -0.967252  0.423967  -0.598591
real:  0.5385  -0.4188  0.6194
1.30503e+09  -0.963603  0.433187  -0.60816
real:  0.5312  -0.421  0.6197
1.30503e+09  -0.961361  0.441445  -0.618384
real:  0.5235  -0.4231  0.6198
1.30503e+09  -0.95574  0.448429  -0.631076
real:  0.5134  -0.4261  0.6198
1.30503e+09  -0.949388  0.458526  -0.642988
real:  0.5055  -0.4286  0.6197
1.30503e+09  -0.944919  0.469153  -0.655295
real:  0.4974  -0.4309  0.6198
1.30503e+09  -0.936009  0.480095  -0.670473
real:  0.4867  -0.4341  0.6201
1.30503e+09  -0.924992  0.492901  -0.684158
real:  0.4786  -0.4367  0.6203
1.30503e+09  -0.91817  0.501279  -0.695718
real:  0.4707  -0.4397  0.6204
1.30503e+09  -0.917707  0.50923  -0.703568
real:  0.4601  -0.443  0.6205
1.30503e+09  -0.917015  0.514417  -0.714787
real:  0.4522  -0.4451  0.6213
1.30503e+09  -0.908299  0.519368  -0.729723
real:  0.4443  -0.447  0.6219
1.30503e+09  -0.902452  0.52651  -0.740882
real:  0.4342  -0.4491  0.6229
1.30503e+09  -0.898733  0.53421  -0.750199
real:  0.4265  -0.4509  0.6233
1.30503e+09  -0.896957  0.543209  -0.758163
real:  0.419  -0.4525  0.6237
1.30503e+09  -0.897304  0.541575  -0.769068
real:  0.4087  -0.4548  0.624
1.30503e+09  -0.897311  0.53949  -0.781468
real:  0.4012  -0.4568  0.6242
1.30503e+09  -0.895146  0.545298  -0.790353
real:  0.3933  -0.4584  0.6244
1.30503e+09  -0.890833  0.555264  -0.798523
real:  0.3829  -0.4608  0.625
1.30503e+09  -0.888751  0.564644  -0.805665
real:  0.3751  -0.4625  0.6251
1.30503e+09  -0.886401  0.567281  -0.814661
real:  0.3671  -0.4648  0.6245
1.30503e+09  -0.885713  0.570604  -0.820544
real:  0.3568  -0.4674  0.6231
1.30503e+09  -0.888091  0.576952  -0.824963
real:  0.3486  -0.4693  0.6214
1.30503e+09  -0.891112  0.583447  -0.829174
real:  0.3404  -0.471  0.6197
1.30503e+09  -0.896374  0.588719  -0.833423
real:  0.3293  -0.4734  0.6178
1.30503e+09  -0.90495  0.597663  -0.842161
real:  0.3118  -0.4772  0.6153
1.30503e+09  -0.913653  0.599426  -0.845118
real:  0.2998  -0.4795  0.6137
1.30503e+09  -0.920233  0.602842  -0.849623
real:  0.2911  -0.4809  0.6128
1.30503e+09  -0.92174  0.611024  -0.854454
real:  0.2824  -0.482  0.6124
1.30503e+09  -0.92353  0.62167  -0.856996
real:  0.2705  -0.4837  0.6118
1.30503e+09  -0.929634  0.629001  -0.857967
real:  0.2618  -0.4851  0.6111
1.30503e+09  -0.938866  0.632703  -0.859509
real:  0.2532  -0.4867  0.6102
1.30503e+09  -0.946028  0.637866  -0.861972
real:  0.2416  -0.4884  0.6091
1.30503e+09  -0.950444  0.645795  -0.864997
real:  0.2328  -0.4897  0.6086
1.30503e+09  -0.955504  0.652315  -0.868711
real:  0.2242  -0.4907  0.6085
1.30503e+09  -0.960308  0.65878  -0.872298
real:  0.213  -0.4919  0.6082
1.30503e+09  -0.965155  0.664229  -0.876536
real:  0.2049  -0.4926  0.6079
1.30503e+09  -0.971483  0.666584  -0.88222
real:  0.197  -0.4932  0.6073
1.30503e+09  -0.970174  0.673878  -0.890177
real:  0.1866  -0.4939  0.607
1.30503e+09  -0.967139  0.682066  -0.89706
real:  0.179  -0.4945  0.6069
1.30503e+09  -0.971654  0.691633  -0.899185
real:  0.1716  -0.4955  0.6069
1.30503e+09  -0.976467  0.694486  -0.904104
real:  0.1614  -0.4966  0.6066
1.30503e+09  -0.981501  0.697071  -0.909833
real:  0.1538  -0.4976  0.6067
1.30503e+09  -0.985068  0.698567  -0.916786
real:  0.1459  -0.4986  0.607
1.30503e+09  -0.986622  0.703695  -0.923267
real:  0.1356  -0.4997  0.6071
1.30503e+09  -0.987222  0.709892  -0.930288
real:  0.1282  -0.5002  0.6076
1.30503e+09  -0.988371  0.714644  -0.936306
real:  0.1202  -0.5017  0.6079
1.30503e+09  -0.997803  0.722346  -0.942152
real:  0.1031  -0.5051  0.6076
1.30503e+09  -1.00414  0.725985  -0.945204
real:  0.0958  -0.5066  0.6071
1.30503e+09  -1.00978  0.728118  -0.949492
real:  0.0858  -0.5086  0.6064
1.30503e+09  -1.01606  0.727592  -0.955855
real:  0.078  -0.5102  0.6059
1.30503e+09  -1.01641  0.729282  -0.965257
real:  0.0704  -0.5116  0.6055
1.30503e+09  -1.01365  0.73584  -0.974016
real:  0.0597  -0.5136  0.6051
1.30503e+09  -1.01001  0.745995  -0.98233
real:  0.0522  -0.5149  0.605
1.30503e+09  -1.00342  0.756331  -0.990908
real:  0.0442  -0.5168  0.6047
1.30503e+09  -1.0021  0.769432  -0.994743
real:  0.0331  -0.5199  0.6043
1.30503e+09  -1.00714  0.779958  -0.997964
real:  0.0248  -0.5228  0.6042
1.30503e+09  -1.00983  0.781622  -1.00611
real:  0.0164  -0.5256  0.6039
1.30503e+09  -1.03294  0.766069  -0.981867
real:  0.0048  -0.5292  0.6041
1.30503e+09  -1.02799  0.775989  -0.991648
real:  -0.0037  -0.5318  0.6043
1.30503e+09  -1.02538  0.785091  -0.99992
real:  -0.0125  -0.5339  0.6042
1.30503e+09  -1.07743  0.716441  -0.984882
real:  -0.0241  -0.5362  0.604
1.30503e+09  -1.0763  0.719945  -0.995743
real:  -0.0326  -0.5378  0.6032
1.30503e+09  -1.07601  0.721024  -0.990831
real:  -0.0407  -0.5388  0.6019
1.30503e+09  -1.07434  0.729634  -0.998921
real:  -0.0515  -0.5403  0.6
1.30503e+09  -1.07408  0.738908  -1.00652
real:  -0.0594  -0.5412  0.5988
1.30503e+09  -1.07496  0.742337  -1.01474
real:  -0.0678  -0.5419  0.5975
1.30503e+09  -1.07722  0.749134  -1.02095
real:  -0.0788  -0.5426  0.5965
1.30503e+09  -1.07926  0.75582  -1.02782
real:  -0.0873  -0.5431  0.5957
1.30503e+09  -1.08479  0.758106  -1.03333
real:  -0.0956  -0.5432  0.5946
1.30503e+09  -1.09256  0.75852  -1.03742
real:  -0.1074  -0.544  0.593
1.30503e+09  -1.10064  0.761183  -1.04014
real:  -0.116  -0.5443  0.5914
1.30503e+09  -1.10489  0.770002  -1.04196
real:  -0.1249  -0.5451  0.5898
1.30503e+09  -1.1162  0.779356  -1.03709
real:  -0.137  -0.5463  0.5881
1.30503e+09  -1.13669  0.785612  -1.03092
real:  -0.1464  -0.5476  0.5873
1.30503e+09  -1.14773  0.78282  -1.03251
real:  -0.1562  -0.549  0.5863
1.30503e+09  -1.16639  0.786419  -1.02465
real:  -0.1695  -0.5509  0.5848
1.30503e+09  -1.19279  0.78876  -1.01705
real:  -0.1798  -0.5521  0.5843
1.30503e+09  -1.20627  0.788745  -1.0181
real:  -0.1901  -0.5536  0.5843
1.30503e+09  -1.22129  0.792028  -1.01607
real:  -0.2046  -0.5561  0.5845
1.30503e+09  -1.24055  0.79053  -1.01382
real:  -0.2155  -0.5583  0.5851
1.30503e+09  -1.23827  0.689116  -1.06244
real:  -0.226  -0.5608  0.5853
1.30503e+09  -1.25879  0.675358  -1.06356
real:  -0.2403  -0.5644  0.5854
1.30503e+09  -1.27372  0.685332  -1.04666
real:  -0.2508  -0.5674  0.585
1.30503e+09  -1.2911  0.674547  -1.04999
real:  -0.2619  -0.5708  0.5846
1.30503e+09  -1.30779  0.662985  -1.05626
real:  -0.2768  -0.5754  0.5836
1.30503e+09  -1.31741  0.650186  -1.06864
real:  -0.2887  -0.5795  0.5827
1.30503e+09  -1.32879  0.635576  -1.07957
real:  -0.2998  -0.5833  0.5808
1.30503e+09  -1.33828  0.624122  -1.09327
real:  -0.3143  -0.589  0.5777
1.30503e+09  -1.30723  0.592244  -1.1288
real:  -0.325  -0.5936  0.5748
1.30503e+09  -1.31683  0.575631  -1.14096
real:  -0.335  -0.5983  0.5718
1.30503e+09  -1.32495  0.553167  -1.15727
real:  -0.3478  -0.6049  0.5681
1.30503e+09  -1.32323  0.536746  -1.17585
real:  -0.357  -0.6103  0.5653
1.30503e+09  -1.31343  0.464618  -1.21487
real:  -0.3767  -0.6235  0.5586
1.30503e+09  -1.3187  0.442643  -1.22664
real:  -0.3847  -0.6301  0.5563
1.30503e+09  -1.31899  0.421623  -1.24029
real:  -0.3922  -0.6365  0.5534
1.30503e+09  -1.32245  0.411084  -1.2474
real:  -0.4017  -0.6459  0.5498
1.30503e+09  -1.32359  0.402146  -1.25413
real:  -0.4082  -0.6538  0.5472
1.30503e+09  -1.32522  0.4062  -1.25324
real:  -0.4141  -0.6621  0.5451
1.30503e+09  -1.327  0.41867  -1.24679
real:  -0.4214  -0.6738  0.5424
1.30503e+09  -1.34047  0.407162  -1.24259
real:  -0.4265  -0.6831  0.5403
1.30503e+09  -1.36943  0.394782  -1.22153
real:  -0.4372  -0.7056  0.5353
1.30503e+09  -1.23992  0.467716  -1.28368
real:  -0.4481  -0.7299  0.5308
1.30503e+09  -1.31285  0.368543  -1.27499
real:  -0.4836  -0.8183  0.5189
1.30503e+09  -1.2655  0.442559  -1.276
real:  -0.4898  -0.8345  0.52
1.30503e+09  -1.27518  0.429762  -1.26203
real:  -0.4944  -0.8463  0.5213
1.30503e+09  -1.29937  0.380485  -1.2472
real:  -0.5008  -0.8622  0.525
1.30503e+09  -1.331  0.356069  -1.22715
real:  -0.5045  -0.8716  0.5281
1.30503e+09  -1.37237  0.304674  -1.19036
real:  -0.5101  -0.8841  0.5331
1.30503e+09  -1.39199  0.303897  -1.17289
real:  -0.5133  -0.892  0.5363
1.30503e+09  -1.44333  0.287243  -1.14469
real:  -0.5156  -0.8971  0.5388
1.30503e+09  -1.4669  0.287831  -1.12088
real:  -0.5174  -0.9023  0.5411
1.30503e+09  -1.48931  0.277797  -1.10052
real:  -0.5198  -0.9084  0.5443
1.30503e+09  -1.47741  0.295734  -1.10336
real:  -0.5215  -0.9128  0.5462
1.30503e+09  -1.48261  0.28924  -1.09896
real:  -0.5232  -0.917  0.5485
1.30503e+09  -1.49075  0.286452  -1.08933
real:  -0.5249  -0.9219  0.5515
1.30503e+09  -1.50012  0.291362  -1.07938
real:  -0.5264  -0.9255  0.5543
1.30503e+09  -1.50924  0.292206  -1.06871
real:  -0.5283  -0.9289  0.5571
1.30503e+09  -1.52106  0.290503  -1.06002
real:  -0.5317  -0.9336  0.5607
1.30503e+09  -1.58792  0.229307  -0.994261
real:  -0.5395  -0.9403  0.566
1.30503e+09  -1.59335  0.207868  -0.999306
real:  -0.546  -0.9441  0.569
1.30503e+09  -1.59668  0.206733  -1.00023
real:  -0.5514  -0.9466  0.5708
1.30503e+09  -1.6047  0.202046  -0.999104
real:  -0.5576  -0.9494  0.5721
1.30503e+09  -1.60954  0.212094  -1.00057
real:  -0.5661  -0.9528  0.5727
1.30503e+09  -1.61597  0.221449  -1.00457
real:  -0.5728  -0.9557  0.5723
1.30503e+09  -1.62424  0.218587  -1.01025
real:  -0.5799  -0.9592  0.5715
1.30503e+09  -1.63086  0.207614  -1.01674
real:  -0.5895  -0.9648  0.57
1.30503e+09  -1.64062  0.196217  -1.01637
real:  -0.5998  -0.9715  0.5674
1.30503e+09  -1.65314  0.196729  -1.0128
real:  -0.6043  -0.975  0.5663
1.30503e+09  -1.66534  0.187634  -1.01003
real:  -0.6144  -0.9829  0.5653
1.30503e+09  -1.75802  0.123326  -0.995896
real:  -0.7112  -1.0131  0.5379
1.30503e+09  -1.74127  0.123691  -1.01684
real:  -0.7089  -1.0004  0.5378
1.30503e+09  -1.72796  0.126638  -1.03396
real:  -0.7069  -0.99  0.538
1.30503e+09  -1.70961  0.133577  -1.05613
real:  -0.7047  -0.9799  0.5379
1.30503e+09  -1.69208  0.149381  -1.07768
real:  -0.7016  -0.9659  0.5381
1.30503e+09  -1.6698  0.155451  -1.10412
real:  -0.6993  -0.9553  0.5386
1.30503e+09  -1.6401  0.169427  -1.13639
real:  -0.6969  -0.9453  0.5385
1.30503e+09  -1.59482  0.203536  -1.17939
real:  -0.6893  -0.9202  0.5399
1.30503e+09  -1.57222  0.212743  -1.20333
real:  -0.6861  -0.9098  0.5404
1.30503e+09  -1.58082  0.19067  -1.23466
real:  -0.6813  -0.8955  0.5418
1.30503e+09  -1.55378  0.198908  -1.25973
real:  -0.6778  -0.8854  0.5429
1.30503e+09  -1.52322  0.206667  -1.28852
real:  -0.6734  -0.8756  0.5446
1.30503e+09  -1.49194  0.221172  -1.31314
real:  -0.6676  -0.8606  0.5471
1.30503e+09  -1.4641  0.237338  -1.33165
real:  -0.663  -0.852  0.5477
1.30503e+09  -1.44026  0.245436  -1.348
real:  -0.6575  -0.8417  0.549
1.30503e+09  -1.41507  0.255264  -1.36476
real:  -0.6491  -0.8278  0.5504
1.30503e+09  -1.38666  0.26303  -1.38126
real:  -0.6428  -0.8174  0.5511
1.30503e+09  -1.35938  0.271123  -1.3967
real:  -0.6361  -0.8072  0.5519
1.30503e+09  -1.32726  0.283672  -1.41363
real:  -0.6267  -0.7935  0.5523
1.30503e+09  -1.29705  0.298135  -1.42798
real:  -0.6197  -0.7838  0.5529
1.30503e+09  -1.25985  0.310517  -1.44478
real:  -0.6117  -0.7738  0.5533
1.30503e+09  -1.22814  0.327005  -1.45653
real:  -0.601  -0.761  0.5534
1.30503e+09  -1.19944  0.337893  -1.466
real:  -0.5924  -0.7518  0.5532
1.30503e+09  -1.16668  0.351551  -1.47661
real:  -0.5834  -0.7426  0.5528
1.30503e+09  -1.13377  0.3626  -1.48558
real:  -0.5744  -0.7339  0.5525
1.30503e+09  -1.09998  0.368337  -1.49281
real:  -0.5623  -0.7232  0.551
1.30503e+09  -1.08591  0.387706  -1.49145
real:  -0.5533  -0.7155  0.5502
1.30503e+09  -1.06716  0.39263  -1.49568
real:  -0.5415  -0.7056  0.5488
1.30503e+09  -1.04129  0.393574  -1.50247
real:  -0.5328  -0.6984  0.548
1.30503e+09  -1.01343  0.398881  -1.50808
real:  -0.525  -0.6912  0.5472
1.30503e+09  -0.991495  0.410265  -1.51054
real:  -0.5146  -0.6818  0.5461
1.30503e+09  -0.96254  0.420221  -1.51615
real:  -0.5071  -0.6752  0.545
1.30503e+09  -0.990332  0.43715  -1.50676
real:  -0.4994  -0.6686  0.5437
1.30503e+09  -0.968955  0.453875  -1.50764
real:  -0.4898  -0.6606  0.5422
1.30503e+09  -0.884051  0.459725  -1.54807
real:  -0.4829  -0.6547  0.5416
1.30503e+09  -0.863907  0.458241  -1.55411
real:  -0.4757  -0.6487  0.5409
1.30503e+09  -0.870491  0.447837  -1.55424
real:  -0.467  -0.641  0.5412
1.30503e+09  -0.88649  0.444078  -1.54407
real:  -0.4603  -0.6352  0.5414
1.30503e+09  -0.929071  0.440354  -1.52084
real:  -0.4533  -0.6298  0.5416
1.30503e+09  -0.909326  0.448467  -1.52539
real:  -0.4436  -0.6226  0.5418
1.30503e+09  -0.943736  0.451059  -1.50678
real:  -0.4355  -0.6171  0.542
1.30503e+09  -0.971785  0.452304  -1.49196
real:  -0.4271  -0.6118  0.5419
1.30503e+09  -1.00752  0.449435  -1.47673
real:  -0.4182  -0.607  0.5421
1.30503e+09  -0.982355  0.457416  -1.4804
real:  -0.4061  -0.6007  0.5425
1.30503e+09  -1.02384  0.461115  -1.45525
real:  -0.3966  -0.5962  0.5424
1.30503e+09  -1.07889  0.464115  -1.42062
real:  -0.3827  -0.5912  0.5424
1.30503e+09  -1.06996  0.470326  -1.41347
real:  -0.3722  -0.5877  0.5425
1.30503e+09  -1.05919  0.470882  -1.41282
real:  -0.3612  -0.5841  0.5425
1.30503e+09  -1.04325  0.470674  -1.41243
real:  -0.3458  -0.58  0.5433
1.30503e+09  -1.03192  0.473998  -1.40515
real:  -0.3344  -0.5774  0.5439
1.30503e+09  -1.02379  0.474034  -1.39971
real:  -0.3232  -0.5749  0.5448
1.30503e+09  -1.02475  0.494683  -1.39386
real:  -0.3084  -0.5726  0.5458
1.30503e+09  -1.01976  0.48966  -1.38808
real:  -0.2975  -0.5713  0.547
1.30503e+09  -1.01429  0.482571  -1.38342
real:  -0.287  -0.5702  0.5481
1.30503e+09  -1.00974  0.474289  -1.37836
real:  -0.2734  -0.5694  0.5499
1.30503e+09  -1.00829  0.461678  -1.37335
real:  -0.2638  -0.5691  0.5513
1.30503e+09  -0.999523  0.449867  -1.37201
real:  -0.2545  -0.5693  0.5527
1.30503e+09  -0.987603  0.436914  -1.3695
real:  -0.2417  -0.57  0.5541
1.30503e+09  -0.983749  0.428279  -1.36351
real:  -0.2322  -0.5706  0.5549
1.30503e+09  -0.981796  0.416555  -1.35734
real:  -0.2227  -0.5714  0.5555
1.30503e+09  -0.970932  0.406254  -1.35418
real:  -0.2094  -0.5728  0.556
1.30503e+09  -0.964745  0.404155  -1.34636
real:  -0.1996  -0.574  0.5564
1.30503e+09  -0.964248  0.401617  -1.33554
real:  -0.189  -0.575  0.5567
1.30503e+09  -0.961697  0.397677  -1.32605
real:  -0.1757  -0.5764  0.5569
1.30503e+09  -0.958077  0.395049  -1.31655
real:  -0.1659  -0.5773  0.5572
1.30503e+09  -0.956657  0.395341  -1.30613
real:  -0.1566  -0.5784  0.5577
1.30503e+09  -0.957651  0.39255  -1.29484
real:  -0.1446  -0.5798  0.558
1.30503e+09  -0.961597  0.394784  -1.28227
real:  -0.1367  -0.5806  0.5582
1.30503e+09  -0.962503  0.394033  -1.27282
real:  -0.1291  -0.5813  0.5583
1.30503e+09  -0.957147  0.393289  -1.26806
real:  -0.12  -0.582  0.5583
1.30503e+09  -0.956973  0.396135  -1.26032
real:  -0.1141  -0.5826  0.5582
1.30503e+09  -0.956281  0.396032  -1.25486
real:  -0.1085  -0.5828  0.5582
1.30503e+09  -0.952129  0.394743  -1.25265
real:  -0.1027  -0.5831  0.5577
1.30503e+09  -0.950323  0.396809  -1.24864
real:  -0.0989  -0.5833  0.5574
1.30503e+09  -0.951266  0.400869  -1.24484
real:  -0.0958  -0.5832  0.5571
1.30503e+09  -0.949422  0.401066  -1.24349
real:  -0.0924  -0.5829  0.5568
1.30503e+09  -0.945456  0.402048  -1.24329
real:  -0.0909  -0.5826  0.5569
1.30503e+09  -0.939976  0.411714  -1.24256
real:  -0.0902  -0.5818  0.5568
1.30503e+09  -0.93419  0.425378  -1.24493
real:  -0.0897  -0.5802  0.5571
1.30503e+09  -0.93047  0.435761  -1.2465
real:  -0.0902  -0.5791  0.5569
1.30503e+09  -0.920819  0.44221  -1.25809
real:  -0.0963  -0.5733  0.5555
1.30503e+09  -0.91253  0.444343  -1.26547
real:  -0.0993  -0.5712  0.5553
1.30503e+09  -0.905462  0.450376  -1.27049
real:  -0.1024  -0.5697  0.5551
1.30503e+09  -0.903049  0.46161  -1.27489
real:  -0.1056  -0.5679  0.555
1.30503e+09  -0.900553  0.468015  -1.28113
real:  -0.111  -0.5658  0.5546
1.30503e+09  -0.895948  0.472145  -1.28963
real:  -0.1155  -0.5642  0.5537
1.30503e+09  -0.889355  0.480654  -1.29872
real:  -0.1205  -0.5626  0.553
1.30503e+09  -0.883061  0.486111  -1.30867
real:  -0.1283  -0.5605  0.5521
1.30503e+09  -0.880302  0.492079  -1.31796
real:  -0.1346  -0.5588  0.5513
1.30503e+09  -0.871855  0.499755  -1.33011
real:  -0.1415  -0.5571  0.5506
1.30503e+09  -0.860978  0.506406  -1.3442
real:  -0.1512  -0.5547  0.5495
1.30503e+09  -0.848972  0.515939  -1.35902
real:  -0.1595  -0.5531  0.5487
1.30503e+09  -0.835177  0.524689  -1.37486
real:  -0.1679  -0.5518  0.548
1.30503e+09  -0.823056  0.533575  -1.38933
real:  -0.1799  -0.5498  0.5469
1.30503e+09  -0.815336  0.541392  -1.40333
real:  -0.1893  -0.5486  0.5462
1.30503e+09  -0.802186  0.549095  -1.41921
real:  -0.1989  -0.5471  0.5456
1.30503e+09  -0.792111  0.55972  -1.43391
real:  -0.2126  -0.5452  0.5451
1.30503e+09  -0.785184  0.566435  -1.44997
real:  -0.2229  -0.543  0.5449
1.30503e+09  -0.767171  0.571904  -1.46951
real:  -0.2337  -0.5409  0.5447
1.30503e+09  -0.746747  0.583788  -1.4874
real:  -0.2481  -0.5375  0.5443
1.30503e+09  -0.732027  0.596934  -1.50359
real:  -0.2589  -0.5346  0.5435
1.30503e+09  -0.717676  0.613529  -1.51838
real:  -0.27  -0.5315  0.5429
1.30503e+09  -0.701176  0.624576  -1.53829
real:  -0.2853  -0.5266  0.5417
1.30503e+09  -0.675362  0.641491  -1.55822
real:  -0.2967  -0.5231  0.5411
1.30503e+09  -0.652082  0.654793  -1.57496
real:  -0.308  -0.5191  0.5403
1.30503e+09  -0.627942  0.674113  -1.59308
real:  -0.3228  -0.5141  0.5402
1.30503e+09  -0.604397  0.688677  -1.61317
real:  -0.3338  -0.5104  0.5405
1.30503e+09  -0.577424  0.698149  -1.63254
real:  -0.3448  -0.5065  0.5407
1.30503e+09  -0.547593  0.712773  -1.64587
real:  -0.3591  -0.5014  0.541
1.30503e+09  -0.516134  0.723327  -1.66676
real:  -0.3692  -0.4974  0.5415
1.30503e+09  -0.486533  0.731131  -1.68219
real:  -0.3793  -0.494  0.5419
1.30503e+09  -0.397911  0.770636  -1.73297
real:  -0.4229  -0.4788  0.5423
1.30503e+09  -0.371711  0.773883  -1.74913
real:  -0.4321  -0.4763  0.5426
1.30503e+09  -0.357169  0.778819  -1.75894
real:  -0.4412  -0.4739  0.5427
1.30503e+09  -0.348058  0.781355  -1.76929
real:  -0.453  -0.4711  0.5427
1.30503e+09  -0.334447  0.786474  -1.77993
real:  -0.4613  -0.4686  0.5427
1.30503e+09  -0.325383  0.789495  -1.78721
real:  -0.4695  -0.466  0.5424
1.30503e+09  -0.315788  0.790356  -1.79618
real:  -0.48  -0.4625  0.5414
1.30503e+09  -0.306223  0.799387  -1.80204
real:  -0.4882  -0.4598  0.5401
1.30503e+09  -0.296441  0.810098  -1.80893
real:  -0.4967  -0.4566  0.5378
1.30503e+09  -0.285345  0.818845  -1.81763
real:  -0.5084  -0.4519  0.5346
1.30503e+09  -0.275072  0.825413  -1.82774
real:  -0.5172  -0.4481  0.5321
1.30503e+09  -0.259985  0.832717  -1.83935
real:  -0.5264  -0.4441  0.5296
1.30503e+09  -0.250371  0.840457  -1.84881
real:  -0.5385  -0.4381  0.5261
1.30503e+09  -0.235105  0.850857  -1.85782
real:  -0.5472  -0.4329  0.5236
1.30503e+09  -0.21293  0.857462  -1.87059
real:  -0.5558  -0.4278  0.5215
1.30503e+09  -0.201224  0.865498  -1.88127
real:  -0.567  -0.4209  0.5187
1.30503e+09  -0.199082  0.875953  -1.88765
real:  -0.5753  -0.4152  0.5167
1.30503e+09  -0.18652  0.884525  -1.89634
real:  -0.5836  -0.4093  0.5147
1.30503e+09  -0.172811  0.894354  -1.90548
real:  -0.5941  -0.4012  0.5123
1.30503e+09  -0.159437  0.906502  -1.9137
real:  -0.602  -0.3949  0.511
1.30503e+09  -0.142497  0.918392  -1.92259
real:  -0.6097  -0.3883  0.5101
1.30503e+09  -0.127936  0.930695  -1.92971
real:  -0.6194  -0.3797  0.5091
1.30503e+09  -0.111029  0.94366  -1.93594
real:  -0.6265  -0.3729  0.5086
1.30503e+09  -0.0881189  0.958903  -1.94144
real:  -0.6338  -0.3658  0.5075
1.30503e+09  -0.0659266  0.971794  -1.94862
real:  -0.6456  -0.3538  0.5063
1.30503e+09  -0.0431291  0.988139  -1.95311
real:  -0.6503  -0.3492  0.506
1.30503e+09  -0.00938038  1.00359  -1.96069
real:  -0.6574  -0.3421  0.5057
1.30503e+09  0.0129367  1.00876  -1.96861
real:  -0.6667  -0.3325  0.5052
1.30503e+09  0.036685  1.02198  -1.97487
real:  -0.6733  -0.325  0.505
1.30503e+09  0.0583467  1.02422  -1.9821
real:  -0.6796  -0.3175  0.505
1.30503e+09  0.0919232  1.03485  -1.98902
real:  -0.7252  -0.2173  0.5024
1.30503e+09  0.416596  1.01965  -1.953
real:  -0.7275  -0.2051  0.5026
1.30503e+09  0.449847  1.01384  -1.95463
real:  -0.7294  -0.1935  0.5022
1.30503e+09  0.473844  1.01443  -1.9563
real:  -0.7305  -0.1846  0.5027
1.30503e+09  0.506841  1.00848  -1.95764
real:  -0.7313  -0.1763  0.5027
1.30503e+09  0.537094  1.00442  -1.95813
real:  -0.732  -0.1645  0.5034
1.30503e+09  0.570589  0.99674  -1.95676
real:  -0.7325  -0.1554  0.5042
1.30503e+09  0.615873  0.988509  -1.95332
real:  -0.732  -0.1465  0.5051
1.30503e+09  0.658  0.979256  -1.94873
real:  -0.7315  -0.1343  0.5065
1.30503e+09  0.707849  0.970649  -1.94166
real:  -0.7305  -0.1256  0.5078
1.30503e+09  0.759035  0.958592  -1.93409
real:  -0.7295  -0.1167  0.5095
1.30503e+09  0.802666  0.946249  -1.92682
real:  -0.728  -0.1057  0.5112
1.30503e+09  0.835359  0.933009  -1.9265
real:  -0.7268  -0.098  0.5126
1.30503e+09  0.859862  0.920521  -1.92618
real:  -0.7258  -0.0909  0.5137
1.30503e+09  0.87934  0.91523  -1.92239
real:  -0.7242  -0.0822  0.5149
1.30503e+09  0.903818  0.911698  -1.91761
real:  -0.7234  -0.0757  0.5158
1.30503e+09  0.921355  0.905017  -1.91699
real:  -0.722  -0.0699  0.517
1.30503e+09  0.935672  0.896312  -1.91696
real:  -0.7205  -0.0622  0.5188
1.30503e+09  0.96023  0.883829  -1.91364
real:  -0.7191  -0.0573  0.5205
1.30503e+09  0.985501  0.871569  -1.91019
real:  -0.6895  -0.0737  0.5116
1.30503e+09  1.00492  0.861448  -1.9074
real:  -0.6886  -0.0758  0.5111
1.30503e+09  1.02792  0.850754  -1.90206
real:  -0.6877  -0.0777  0.5108
1.30503e+09  1.04609  0.845206  -1.89804
real:  -0.6869  -0.0797  0.5105
1.30503e+09  1.05446  0.840358  -1.89835
real:  -0.6861  -0.0817  0.5102
1.30503e+09  1.05086  0.838906  -1.90251
real:  -0.685  -0.084  0.5099
1.30503e+09  1.04491  0.836669  -1.90646
real:  -0.6842  -0.0861  0.5097
1.30503e+09  1.04502  0.832702  -1.90737
real:  -0.6833  -0.0882  0.5094
1.30503e+09  1.04466  0.834663  -1.90511
real:  -0.6825  -0.0903  0.5092
1.30503e+09  1.04669  0.838901  -1.89951
real:  -0.6814  -0.0928  0.5088
1.30503e+09  1.05045  0.840025  -1.89418
real:  -0.6804  -0.0948  0.5082
1.30503e+09  1.03967  0.824448  -1.90442
real:  -0.6794  -0.0973  0.5079
1.30503e+09  1.02793  0.831232  -1.9019
real:  -0.6785  -0.0997  0.5077
1.30503e+09  1.00428  0.843295  -1.90192
real:  -0.6775  -0.102  0.5075
1.30503e+09  0.978293  0.855972  -1.90125
real:  -0.6732  -0.1115  0.5064
1.30503e+09  0.950576  0.871515  -1.89987
real:  -0.6695  -0.1187  0.5059
1.30503e+09  0.926051  0.883503  -1.89738
real:  -0.6658  -0.1261  0.5057
1.30503e+09  0.904787  0.892697  -1.89373
real:  -0.6601  -0.136  0.505
1.30503e+09  0.88418  0.901816  -1.88984
real:  -0.6559  -0.1441  0.5042
1.30503e+09  0.859023  0.915501  -1.8862
real:  -0.6516  -0.1521  0.5034
1.30503e+09  0.833672  0.925516  -1.8836
real:  -0.6457  -0.1639  0.5024
1.30503e+09  0.798979  0.937548  -1.88333
real:  -0.6411  -0.1728  0.5017
1.30503e+09  0.762417  0.948682  -1.88164
real:  -0.6249  -0.1997  0.5052
1.30503e+09  0.728864  0.956531  -1.87914
real:  -0.6227  -0.2031  0.5055
1.30503e+09  0.69538  0.961639  -1.87709
real:  -0.6207  -0.2062  0.5055
1.30503e+09  0.661316  0.970463  -1.87253
real:  -0.6146  -0.216  0.5061
1.30503e+09  0.628445  0.975115  -1.8678
real:  -0.6056  -0.2294  0.5072
1.30503e+09  0.595355  0.981869  -1.86328
real:  -0.5104  -0.3544  0.5296
1.30503e+09  0.554887  0.983677  -1.8606
real:  -0.5071  -0.3574  0.5303
1.30503e+09  0.51433  0.984725  -1.85778
real:  -0.504  -0.3603  0.5308
1.30503e+09  0.466342  0.984756  -1.85507
real:  -0.5011  -0.3631  0.5315
1.30503e+09  0.425331  0.980742  -1.84988
real:  -0.4978  -0.3664  0.5324
1.30503e+09  0.398246  0.973602  -1.84309
real:  -0.4943  -0.3701  0.5334
1.30503e+09  0.359631  0.970425  -1.8368
real:  -0.4911  -0.3737  0.5344
1.30503e+09  0.319483  0.965013  -1.82941
real:  -0.4881  -0.3767  0.5347
1.30503e+09  0.281474  0.960073  -1.82045
real:  -0.4854  -0.3798  0.5354
1.30503e+09  0.247344  0.952296  -1.81191
real:  -0.4823  -0.383  0.5359
1.30503e+09  0.217474  0.948705  -1.80053
real:  -0.4796  -0.3862  0.5365
1.30503e+09  0.184418  0.943546  -1.79031
real:  -0.4765  -0.3894  0.5371
1.30503e+09  0.15502  0.937676  -1.78175
real:  -0.4737  -0.3924  0.5376
1.30503e+09  0.115876  0.930429  -1.77308
real:  -0.4708  -0.3955  0.5381
1.30503e+09  0.0839274  0.92247  -1.76265
real:  -0.462  -0.4046  0.54
1.30503e+09  0.061686  0.915621  -1.75154
real:  -0.4534  -0.4136  0.542
1.30503e+09  0.15266  1.2192  -1.57728
real:  -0.36  -0.4984  0.5479
1.30503e+09  0.504245  1.69148  -1.04972
real:  -0.3514  -0.5061  0.5491
1.30503e+09  0.473053  1.6966  -1.0443
real:  -0.3407  -0.5153  0.5511
1.30503e+09  0.446877  1.69474  -1.03955
real:  -0.3332  -0.5225  0.5528
1.30503e+09  0.430811  1.69724  -1.02914
real:  -0.3262  -0.5291  0.5537
1.30503e+09  0.400777  1.7016  -1.02907
real:  -0.3177  -0.5376  0.5562
1.30503e+09  0.379149  1.70149  -1.03059
real:  -0.3122  -0.5437  0.5589
1.30503e+09  0.332037  1.6996  -1.04158
real:  -0.3071  -0.5491  0.5618
1.30503e+09  0.302863  1.70083  -1.04168
real:  -0.3005  -0.5559  0.5655
1.30503e+09  0.291398  1.69116  -1.0497
real:  -0.2961  -0.5606  0.5672
1.30503e+09  0.275108  1.68813  -1.05191
real:  -0.2918  -0.5649  0.5686
1.30503e+09  0.264059  1.68031  -1.05493
real:  -0.2862  -0.57  0.5699
1.30503e+09  0.256224  1.67706  -1.05667
real:  -0.2821  -0.5733  0.5705
1.30503e+09  0.245187  1.67096  -1.06357
real:  -0.2782  -0.5767  0.5711
1.30503e+09  0.230437  1.65926  -1.0745
real:  -0.2726  -0.5808  0.5719
1.30503e+09  0.215876  1.65023  -1.0816
real:  -0.2673  -0.5837  0.5727
1.30503e+09  0.206665  1.64581  -1.08373
real:  -0.2624  -0.5866  0.5739
1.30503e+09  0.205749  1.60192  -1.13372
real:  -0.2551  -0.5911  0.5753
1.30503e+09  0.179903  1.59174  -1.13972
real:  -0.2497  -0.5947  0.576
1.30503e+09  0.15678  1.58213  -1.1503
real:  -0.2438  -0.5979  0.5773
1.30503e+09  0.201297  1.57663  -1.1508
real:  -0.2355  -0.6021  0.5802
1.30503e+09  0.63583  1.42906  -1.22768
real:  -0.2292  -0.6053  0.5822
1.30503e+09  0.647138  1.40665  -1.24249
real:  -0.2233  -0.6084  0.5837
1.30503e+09  0.641688  1.39991  -1.24406
real:  -0.2158  -0.6128  0.5861
1.30503e+09  0.632678  1.3957  -1.24468
real:  -0.2099  -0.6163  0.5882
1.30503e+09  0.625013  1.40542  -1.23647
real:  -0.2045  -0.62  0.5913
1.30503e+09  0.635532  1.38913  -1.25107
real:  -0.1983  -0.6253  0.5969
1.30503e+09  0.626368  1.38248  -1.26029
real:  -0.1689  -0.6714  0.6854
1.30503e+09  0.721431  1.15256  -1.51311
real:  -0.1667  -0.6752  0.6905
1.30503e+09  0.714673  1.1447  -1.51857
real:  -0.1651  -0.6777  0.6931
1.30503e+09  0.708003  1.14496  -1.5193
real:  -0.1621  -0.6801  0.696
1.30503e+09  0.701125  1.14521  -1.51904
real:  -0.1593  -0.6812  0.6983
1.30503e+09  0.696371  1.14227  -1.51905
real:  -0.1563  -0.682  0.7005
1.30503e+09  0.694982  1.13734  -1.51907
real:  -0.1521  -0.6827  0.7029
1.30503e+09  0.689264  1.13737  -1.51887
real:  -0.149  -0.6829  0.7044
1.30503e+09  0.683113  1.13294  -1.5207
real:  -0.1463  -0.683  0.7053
1.30503e+09  0.678193  1.12875  -1.52202
real:  -0.1428  -0.6832  0.7056
1.30503e+09  0.668925  1.12437  -1.52425
real:  -0.1399  -0.6832  0.7056
1.30503e+09  0.665802  1.11704  -1.52585
real:  -0.1366  -0.6828  0.7053
1.30503e+09  0.67178  1.10734  -1.52461
real:  -0.1325  -0.6823  0.7045
1.30503e+09  0.67684  1.0985  -1.5223
real:  -0.1296  -0.6819  0.7031
1.30503e+09  0.686696  1.09704  -1.51189
real:  -0.1265  -0.6812  0.7012
1.30503e+09  0.699186  1.09878  -1.49981
real:  -0.1218  -0.6801  0.6992
1.30503e+09  0.713014  1.10125  -1.48728
real:  -0.1175  -0.6797  0.6982
1.30503e+09  0.723849  1.10052  -1.47904
real:  -0.1131  -0.6794  0.6978
1.30503e+09  0.724475  1.09784  -1.474
real:  -0.1063  -0.6792  0.6973
1.30503e+09  0.72772  1.09679  -1.46527
real:  -0.1012  -0.6793  0.6966
1.30503e+09  0.725536  1.10185  -1.45668
real:  -0.0959  -0.6795  0.6956
1.30503e+09  0.7186  1.10911  -1.44837
real:  -0.0895  -0.6794  0.6942
1.30503e+09  0.457694  1.16238  -1.47956
real:  -0.0845  -0.6791  0.6932
1.30503e+09  0.461816  1.16779  -1.46845
real:  -0.0793  -0.6784  0.6923
1.30503e+09  0.469554  1.16805  -1.45961
real:  -0.0722  -0.6769  0.6914
1.30503e+09  0.480544  1.15906  -1.4543
real:  -0.0661  -0.6756  0.6906
1.30503e+09  0.490926  1.14535  -1.44871
real:  -0.0588  -0.6737  0.6889
1.30503e+09  0.498154  1.13932  -1.43497
real:  -0.048  -0.6705  0.6855
1.30503e+09  0.520893  1.14009  -1.41226
real:  -0.0391  -0.668  0.6824
1.30503e+09  0.541776  1.14894  -1.38495
real:  -0.0293  -0.6658  0.6795
1.30503e+09  0.556417  1.14688  -1.36523
real:  -0.0155  -0.663  0.6759
1.30503e+09  0.585585  1.13979  -1.34562
real:  -0.0053  -0.6614  0.6737
1.30503e+09  0.77775  1.09215  -1.29758
real:  0.4003  -0.6993  0.6184
1.30503e+09  2.0496  1.07867  -0.506447
real:  0.4237  -0.7006  0.6159
1.30503e+09  2.08596  1.07533  -0.41987
real:  0.4355  -0.7015  0.6157
1.30503e+09  2.09721  1.05268  -0.382641
real:  0.4467  -0.7026  0.6155
1.30503e+09  2.09692  1.03271  -0.362353
real:  0.461  -0.7042  0.6149
1.30503e+09  2.09461  1.01354  -0.337698
real:  0.4717  -0.7053  0.6143
1.30503e+09  2.08876  0.992488  -0.326968
real:  0.4823  -0.7066  0.6132
1.30503e+09  2.08245  0.971004  -0.315304
real:  0.4962  -0.7084  0.6117
1.30503e+09  2.07828  0.943606  -0.308585
real:  0.5065  -0.7097  0.6104
1.30503e+09  2.0723  0.918073  -0.299216
real:  0.5167  -0.7108  0.6096
1.30503e+09  2.06945  0.88797  -0.284326
real:  0.5295  -0.7125  0.6083
1.30503e+09  2.07011  0.864997  -0.257263
real:  0.5393  -0.7137  0.6076
1.30503e+09  2.07512  0.842947  -0.220813
real:  0.5488  -0.7149  0.607
1.30503e+09  2.08373  0.817356  -0.178058
real:  0.5611  -0.7167  0.6065
1.30503e+09  2.09143  0.788025  -0.139691
real:  0.5705  -0.7186  0.6063
1.30503e+09  2.09688  0.760878  -0.102631
real:  0.5796  -0.7204  0.6058
1.30503e+09  2.10117  0.731228  -0.0649362
real:  0.5918  -0.7234  0.6053
1.30503e+09  2.10288  0.693781  -0.0198631
real:  0.6008  -0.726  0.6051
1.30503e+09  2.11348  0.667202  0.0388426
real:  0.6105  -0.729  0.6048
1.30503e+09  2.13341  0.632322  0.087378
real:  0.6222  -0.7331  0.6046
1.30503e+09  2.1457  0.603264  0.12866
real:  0.6312  -0.7363  0.6046
1.30503e+09  2.16558  0.571038  0.193515
real:  0.64  -0.7397  0.604
1.30503e+09  2.17107  0.539578  0.241753
real:  0.6523  -0.7446  0.6032
1.30503e+09  2.17025  0.509038  0.28835
real:  0.6616  -0.7483  0.6021
1.30503e+09  2.16486  0.481854  0.33747
real:  0.6709  -0.7523  0.601
1.30503e+09  2.16042  0.455073  0.387131
real:  0.6831  -0.7579  0.6001
1.30503e+09  2.15655  0.425824  0.425369
real:  0.6923  -0.7621  0.6
1.30503e+09  2.15086  0.407108  0.47282
real:  0.7013  -0.7661  0.5999
1.30503e+09  2.14282  0.387649  0.522987
real:  0.7137  -0.7713  0.5997
1.30503e+09  2.13304  0.370124  0.565783
real:  0.7228  -0.7751  0.5996
1.30503e+09  2.12203  0.360081  0.602027
real:  0.7318  -0.7783  0.599
1.30503e+09  2.1127  0.342866  0.634158
real:  0.7445  -0.7831  0.5987
1.30503e+09  2.10051  0.325321  0.676384
real:  0.7542  -0.7862  0.5983
1.30503e+09  2.08883  0.299955  0.717856
real:  0.7642  -0.7891  0.5979
1.30503e+09  2.07795  0.273225  0.752054
real:  0.7769  -0.7922  0.5975
1.30503e+09  2.06387  0.250821  0.784538
real:  0.7867  -0.7946  0.597
1.30503e+09  2.04882  0.230455  0.823148
real:  0.7967  -0.7969  0.5967
1.30503e+09  2.03328  0.218775  0.854448
real:  0.8103  -0.8003  0.5965
1.30503e+09  2.01592  0.208975  0.889521
real:  0.8205  -0.8028  0.5969
1.30503e+09  1.99942  0.188907  0.923856
real:  0.8312  -0.8056  0.5975
1.30503e+09  1.9837  0.163275  0.953264
real:  0.8456  -0.809  0.5979
1.30503e+09  1.96609  0.137706  0.985111
real:  0.8564  -0.8119  0.5983
1.30503e+09  1.94742  0.119215  1.01614
real:  0.8673  -0.8144  0.5987
1.30503e+09  1.92796  0.103133  1.04775
real:  0.8816  -0.8184  0.5993
1.30503e+09  1.9079  0.0839798  1.07961
real:  0.8927  -0.8211  0.5995
1.30503e+09  1.88788  0.0590338  1.10762
real:  0.9035  -0.8244  0.6
1.30503e+09  1.86827  0.0302915  1.13575
real:  0.9175  -0.8287  0.6002
1.30503e+09  1.8484  0.000598511  1.16177
real:  0.9278  -0.8328  0.5999
1.30503e+09  1.82779  -0.0237904  1.18785
real:  0.9377  -0.8366  0.5991
1.30503e+09  1.80615  -0.0479286  1.21311
real:  0.9509  -0.8425  0.5978
1.30503e+09  1.78248  -0.0728414  1.24237
real:  0.9607  -0.8479  0.5968
1.30503e+09  1.75724  -0.0965342  1.27183
real:  0.9704  -0.8533  0.5961
1.30503e+09  1.73188  -0.126819  1.30369
real:  0.983  -0.8611  0.5952
1.30503e+09  1.70825  -0.16159  1.33026
real:  0.9922  -0.8674  0.5946
1.30503e+09  1.68436  -0.193961  1.35364
real:  1.0014  -0.8737  0.5939
1.30503e+09  1.65932  -0.218135  1.37927
real:  1.0134  -0.8822  0.593
1.30503e+09  1.63292  -0.241238  1.40527
real:  1.0216  -0.8885  0.5919
1.30503e+09  1.60139  -0.264849  1.43647
real:  1.0302  -0.8949  0.5912
1.30503e+09  1.56708  -0.29224  1.47142
real:  1.0412  -0.9033  0.5905
1.30503e+09  1.53361  -0.3286  1.50105
real:  1.0491  -0.9099  0.59
1.30503e+09  1.49968  -0.360353  1.52911
real:  1.0565  -0.9163  0.5895
1.30503e+09  1.46453  -0.385056  1.55878
real:  1.0658  -0.9247  0.5891
1.30503e+09  1.4291  -0.409092  1.58904
real:  1.0722  -0.9308  0.5889
1.30503e+09  1.39527  -0.431925  1.61648
real:  1.0784  -0.9369  0.5887
1.30503e+09  1.36119  -0.452172  1.64337
real:  1.0858  -0.9451  0.5881
1.30503e+09  1.32521  -0.466946  1.67336
real:  1.091  -0.9515  0.5874
1.30503e+09  1.288  -0.483085  1.70335
real:  1.0958  -0.9578  0.5864
1.30503e+09  1.25458  -0.500276  1.72583
real:  1.1019  -0.9662  0.585
1.30503e+09  1.21349  -0.518144  1.75399
real:  1.1064  -0.9728  0.5834
1.30503e+09  1.17335  -0.534173  1.78239
real:  1.1102  -0.9796  0.5821
1.30503e+09  1.13639  -0.550459  1.80786
real:  1.1153  -0.9888  0.5802
1.30503e+09  1.10134  -0.573482  1.82561
real:  1.1185  -0.996  0.5783
1.30503e+09  1.06489  -0.593524  1.84556
real:  1.1216  -1.0031  0.5762
1.30503e+09  1.00217  -0.611173  1.88836
real:  1.1253  -1.0129  0.5731
1.30503e+09  0.960026  -0.635294  1.90741
real:  1.1279  -1.0199  0.5707
1.30503e+09  0.915336  -0.658075  1.92515
real:  1.1301  -1.0271  0.5686
1.30503e+09  0.877037  -0.673842  1.93796
real:  1.1326  -1.0365  0.5657
1.30503e+09  0.84465  -0.700686  1.94913
real:  1.1338  -1.0433  0.5637
1.30503e+09  0.822223  -0.721817  1.95618
real:  1.1347  -1.05  0.5619
1.30503e+09  0.799783  -0.740854  1.96294
real:  1.136  -1.0581  0.5594
1.30503e+09  0.772791  -0.760526  1.97184
real:  1.1368  -1.0639  0.5575
1.30503e+09  0.751799  -0.780102  1.97749
real:  1.1376  -1.0695  0.5561
1.30503e+09  0.73648  -0.797341  1.98033
real:  1.1387  -1.076  0.5541
1.30503e+09  0.716731  -0.811839  1.9846
real:  1.1395  -1.0805  0.5527
1.30503e+09  0.695761  -0.825209  1.99061
real:  1.1404  -1.0843  0.5513
1.30503e+09  0.682894  -0.839206  1.992
real:  1.1415  -1.0885  0.5493
1.30503e+09  0.674008  -0.850784  1.99216
real:  1.1424  -1.091  0.5479
1.30503e+09  0.660727  -0.859185  1.99362
real:  1.1438  -1.0924  0.5465
1.30503e+09  0.647351  -0.868993  1.99219
real:  1.1461  -1.0934  0.5455
1.30503e+09  0.634668  -0.871128  1.99478
real:  1.1483  -1.0924  0.5455
1.30503e+09  0.616128  -0.872617  1.99844
real:  1.1503  -1.091  0.5462
1.30503e+09  0.601923  -0.868009  2.00266
real:  1.1535  -1.088  0.5478
1.30503e+09  0.588049  -0.86079  2.00691
real:  1.1558  -1.0847  0.5488
1.30503e+09  0.57666  -0.855506  2.00771
real:  1.1583  -1.0806  0.5501
1.30503e+09  0.5637  -0.845315  2.01055
real:  1.1621  -1.0744  0.552
1.30503e+09  0.549441  -0.834072  2.01308
real:  1.1654  -1.0694  0.5538
1.30503e+09  0.536424  -0.817411  2.01836
real:  1.1687  -1.0637  0.5557
1.30503e+09  0.524607  -0.803344  2.02058
real:  1.1728  -1.0556  0.5575
1.30503e+09  0.513331  -0.792229  2.02133
real:  1.176  -1.0488  0.5586
1.30503e+09  0.507717  -0.781293  2.01927
real:  1.1791  -1.0417  0.5591
1.30503e+09  0.502125  -0.767452  2.01733
real:  1.1833  -1.0316  0.5599
1.30503e+09  0.496564  -0.75295  2.01575
real:  1.1865  -1.0232  0.5603
1.30503e+09  0.499172  -0.737531  2.01183
real:  1.1896  -1.0147  0.5604
1.30503e+09  0.49892  -0.723407  2.00683
real:  1.1941  -1.0033  0.5602
1.30503e+09  0.492978  -0.713644  2.00153
real:  1.1978  -0.9949  0.5598
1.30503e+09  0.489933  -0.703927  1.99609
real:  1.2013  -0.986  0.5592
1.30503e+09  0.487365  -0.69867  1.98734
real:  1.2062  -0.9737  0.5585
1.30503e+09  0.482167  -0.693461  1.97948
real:  1.2101  -0.9642  0.5583
1.30503e+09  0.479249  -0.686919  1.97215
real:  1.214  -0.9543  0.5584
1.30503e+09  0.480479  -0.680035  1.96309
real:  1.2192  -0.9403  0.558
1.30503e+09  0.484357  -0.671546  1.95341
real:  1.2229  -0.9301  0.5578
1.30503e+09  0.487756  -0.666041  1.94284
real:  1.2266  -0.9198  0.5569
1.30503e+09  0.487472  -0.657556  1.93427
real:  1.2318  -0.9053  0.5555
1.30503e+09  0.48951  -0.653586  1.92347
real:  1.2358  -0.8949  0.5548
1.30503e+09  0.484997  -0.65339  1.9123
real:  1.2397  -0.8843  0.5541
1.30503e+09  0.475549  -0.653898  1.90246
real:  1.2447  -0.87  0.5542
1.30503e+09  0.472116  -0.650867  1.8934
real:  1.2516  -0.848  0.5555
1.30503e+09  0.476875  -0.632262  1.87512
real:  1.2558  -0.8334  0.5573
1.30503e+09  0.48412  -0.569479  1.84763
real:  1.2704  -0.7837  0.5627
1.30503e+09  0.482659  -0.553978  1.84094
real:  1.2736  -0.7724  0.5633
1.30503e+09  0.478738  -0.542065  1.83351
real:  1.2785  -0.7566  0.5641
1.30503e+09  0.470762  -0.530376  1.82624
real:  1.2823  -0.7446  0.5651
1.30503e+09  0.461309  -0.516901  1.82068
real:  1.2861  -0.7324  0.566
1.30503e+09  0.456739  -0.503729  1.81304
real:  1.2912  -0.7158  0.5672
1.30503e+09  0.454132  -0.488507  1.80396
real:  1.2952  -0.7027  0.5683
1.30503e+09  0.411944  -0.478745  1.79099
real:  1.4134  -0.3095  0.5895
1.30503e+09  0.421927  -0.473667  1.77806
real:  1.416  -0.2985  0.5887
1.30503e+09  0.434114  -0.472497  1.76272
real:  1.4193  -0.2833  0.5875
1.30503e+09  0.437347  -0.468559  1.75055
real:  1.4225  -0.2726  0.5866
1.30503e+09  0.439316  -0.460895  1.7408
real:  1.425  -0.263  0.5862
1.30503e+09  0.450171  -0.455944  1.7277
real:  1.4286  -0.2498  0.586
1.30503e+09  0.460013  -0.450317  1.71615
real:  1.4313  -0.2406  0.5856
1.30503e+09  0.460891  -0.447254  1.70687
real:  1.4338  -0.2319  0.5849
1.30503e+09  0.464384  -0.448935  1.69573
real:  1.437  -0.2206  0.5832
1.30503e+09  0.472755  -0.451937  1.68249
real:  1.439  -0.2119  0.5818
1.30503e+09  0.478764  -0.447263  1.67219
real:  1.4404  -0.2039  0.5804
1.30503e+09  0.490415  -0.439229  1.66144
real:  1.4424  -0.1933  0.5786
1.30503e+09  0.505112  -0.427549  1.65055
real:  1.4436  -0.1855  0.5774
1.30503e+09  0.515698  -0.411996  1.64372
real:  1.4446  -0.178  0.5758
1.30503e+09  0.52586  -0.400399  1.63557
real:  1.4458  -0.1693  0.5732
1.30503e+09  0.532562  -0.392732  1.62796
real:  1.4465  -0.1633  0.5706
1.30503e+09  0.535178  -0.39198  1.62068
real:  1.4469  -0.1579  0.5683
1.30503e+09  0.537614  -0.392435  1.61376
real:  1.4473  -0.1518  0.5654
1.30503e+09  0.543619  -0.392394  1.60613
real:  1.4472  -0.1483  0.5635
1.30503e+09  0.549202  -0.39411  1.59914
real:  1.4473  -0.1449  0.5618
1.30503e+09  0.551077  -0.39441  1.59455
real:  1.447  -0.1413  0.5598
1.30503e+09  0.554734  -0.394411  1.59054
real:  1.4468  -0.1394  0.5586
1.30503e+09  0.56077  -0.394264  1.58601
real:  1.4465  -0.1378  0.5572
1.30503e+09  0.563517  -0.394137  1.58314
real:  1.4461  -0.1366  0.5559
1.30503e+09  0.565543  -0.393542  1.58065
real:  1.4458  -0.1359  0.5551
1.30503e+09  0.566985  -0.394589  1.57876
real:  1.4456  -0.1356  0.5546
1.30503e+09  0.56768  -0.396486  1.57743
real:  1.4453  -0.1356  0.5543
1.30503e+09  0.568596  -0.397094  1.57684
real:  1.4449  -0.1358  0.554
1.30503e+09  0.5711  -0.395606  1.57693
real:  1.4445  -0.1362  0.554
1.30503e+09  0.571958  -0.393216  1.57867
real:  1.4439  -0.1377  0.5543
1.30503e+09  0.571549  -0.394172  1.58034
real:  1.4436  -0.1389  0.5543
1.30503e+09  0.572558  -0.396363  1.58098
real:  1.4432  -0.1412  0.5551
1.30503e+09  0.569816  -0.395486  1.58471
real:  1.4427  -0.1433  0.5558
1.30503e+09  0.565759  -0.397791  1.58839
real:  1.4424  -0.1461  0.5565
1.30503e+09  0.567161  -0.401234  1.58993
real:  1.442  -0.1485  0.5574
1.30503e+09  0.565606  -0.402244  1.59363
real:  1.4418  -0.1514  0.5581
1.30503e+09  0.564301  -0.405139  1.59679
real:  1.4413  -0.1552  0.559
1.30503e+09  0.564542  -0.406067  1.59909
real:  1.4413  -0.1585  0.5596
1.30503e+09  0.56217  -0.406989  1.6033
real:  1.4412  -0.1612  0.5604
1.30503e+09  0.560854  -0.408633  1.60645
real:  1.4412  -0.1657  0.5612
1.30503e+09  0.556911  -0.410726  1.6103
real:  1.4414  -0.1687  0.5619
1.30503e+09  0.55177  -0.411616  1.61497
real:  1.4415  -0.172  0.5626
1.30503e+09  0.547445  -0.413187  1.61938
real:  1.4417  -0.1761  0.5632
1.30503e+09  0.541811  -0.414206  1.6239
real:  1.4418  -0.1788  0.5639
1.30503e+09  0.536786  -0.414257  1.62871
real:  1.4416  -0.1819  0.5645
1.30503e+09  0.534209  -0.416058  1.63255
real:  1.4413  -0.1856  0.5653
1.30503e+09  0.530043  -0.415257  1.63741
real:  1.4412  -0.1887  0.5659
1.30503e+09  0.523079  -0.414463  1.64305
real:  1.4406  -0.1927  0.5664
1.30503e+09  0.520834  -0.416319  1.64647
real:  1.44  -0.1961  0.5668
1.30503e+09  0.517112  -0.41857  1.65045
real:  1.4394  -0.199  0.5673
1.30503e+09  0.509798  -0.420161  1.65586
real:  1.4387  -0.2021  0.5678
1.30503e+09  0.506964  -0.421828  1.65992
real:  1.4374  -0.2067  0.5684
1.30503e+09  0.505927  -0.425426  1.66287
real:  1.4365  -0.2104  0.5688
1.30503e+09  0.503448  -0.427696  1.66745
real:  1.4349  -0.2154  0.5696
1.30503e+09  0.502382  -0.429353  1.67137
real:  1.4336  -0.219  0.5701
1.30503e+09  0.501053  -0.429209  1.67592
real:  1.4324  -0.223  0.5704
1.30503e+09  0.498333  -0.430061  1.68074
real:  1.431  -0.2283  0.5707
1.30503e+09  0.497929  -0.431979  1.68481
real:  1.4297  -0.2329  0.571
1.30503e+09  0.497151  -0.433909  1.68914
real:  1.4282  -0.239  0.5709
1.30503e+09  0.491841  -0.436108  1.69529
real:  1.4275  -0.2443  0.5707
1.30503e+09  0.488094  -0.440421  1.70027
real:  1.4267  -0.2494  0.5706
1.30503e+09  0.483635  -0.444651  1.70556
real:  1.4258  -0.2548  0.5708
1.30503e+09  0.478949  -0.447657  1.71148
real:  1.4247  -0.2622  0.5712
1.30503e+09  0.476657  -0.450264  1.71739
real:  1.4238  -0.2676  0.5714
1.30503e+09  0.47446  -0.453042  1.72307
real:  1.423  -0.2752  0.5716
1.30503e+09  0.470577  -0.45691  1.72862
real:  1.4225  -0.279  0.5713
1.30503e+09  0.463007  -0.461508  1.73533
real:  1.4215  -0.2871  0.5718
1.30503e+09  0.454644  -0.46661  1.74193
real:  1.4207  -0.2927  0.5724
1.30503e+09  0.448053  -0.469156  1.74888
real:  1.42  -0.2999  0.5736
1.30503e+09  0.442125  -0.471856  1.75525
real:  1.419  -0.3054  0.5744
1.30503e+09  0.43637  -0.471563  1.76284
real:  1.4172  -0.3123  0.5761
1.30503e+09  0.432928  -0.47217  1.76995
real:  1.4166  -0.3159  0.5768
1.30503e+09  0.430413  -0.474378  1.77689
real:  1.4145  -0.3236  0.579
1.30503e+09  0.430054  -0.475065  1.78355
real:  1.412  -0.3316  0.5825
1.30503e+09  0.43272  -0.473344  1.7917
real:  1.4098  -0.3391  0.5864
1.30503e+09  0.434297  -0.470586  1.80263
real:  1.4068  -0.346  0.5912
1.30503e+09  0.443802  -0.475014  1.81016
real:  1.4028  -0.3564  0.5988
1.30503e+09  0.455442  -0.484125  1.81617
real:  1.3992  -0.3644  0.6051
1.30503e+09  0.466327  -0.495019  1.82267
real:  1.3957  -0.3724  0.6119
1.30503e+09  0.479247  -0.504241  1.82826
real:  1.3909  -0.383  0.6215
1.30503e+09  0.486884  -0.511604  1.83692
real:  1.387  -0.39  0.6299
1.30503e+09  0.492704  -0.523158  1.84559
real:  1.383  -0.3978  0.6386
1.30503e+09  0.50533  -0.54145  1.8495
real:  1.3776  -0.4072  0.6511
1.30503e+09  0.512146  -0.562409  1.85409
real:  1.3727  -0.4137  0.6613
1.30503e+09  0.529196  -0.586016  1.8512
real:  1.3677  -0.4192  0.6724
1.30503e+09  0.560286  -0.592745  1.84956
real:  1.3605  -0.4253  0.6883
1.30503e+09  0.583021  -0.596674  1.85495
real:  1.3543  -0.4292  0.7004
1.30503e+09  0.607302  -0.606239  1.85575
real:  1.3475  -0.4327  0.7123
1.30503e+09  0.654619  -0.618183  1.84716
real:  1.34  -0.4359  0.7245
1.30503e+09  0.711068  -0.624155  1.83685
real:  1.3293  -0.4398  0.74
1.30503e+09  0.771922  -0.633522  1.82478
real:  1.3212  -0.4419  0.752
1.30503e+09  0.835538  -0.634501  1.80924
real:  1.3094  -0.4445  0.7662
1.30503e+09  0.904172  -0.628091  1.792
real:  1.3034  -0.4453  0.7732
1.30503e+09  0.973771  -0.614488  1.77005
real:  1.291  -0.446  0.786
1.30503e+09  1.04177  -0.597523  1.75076
real:  1.2809  -0.4457  0.7946
1.30503e+09  1.11616  -0.578586  1.72151
real:  1.267  -0.4438  0.8062
1.30503e+09  1.19423  -0.529521  1.69162
real:  1.2563  -0.4418  0.8144
1.30503e+09  1.27669  -0.482042  1.6522
real:  1.2453  -0.4392  0.8218
1.30503e+09  1.35501  -0.427329  1.61273
real:  1.2338  -0.4358  0.8284
1.30503e+09  1.43353  -0.366097  1.56335
real:  1.218  -0.4306  0.8365
1.30503e+09  1.5055  -0.297925  1.50935
real:  1.2054  -0.4256  0.8422
1.30503e+09  1.57134  -0.218544  1.45832
real:  1.1915  -0.4195  0.8478
1.30503e+09  1.63967  -0.135617  1.39238
real:  1.172  -0.4099  0.8569
1.30503e+09  1.71138  -0.0298354  1.30901
real:  1.1561  -0.4022  0.8649
1.30503e+09  1.77882  0.0778115  1.18843
real:  1.1336  -0.39  0.8777
1.30503e+09  1.83015  0.186455  1.07933
real:  1.1155  -0.3804  0.8885
1.30503e+09  1.87897  0.273009  1.02075
real:  1.0969  -0.3702  0.8998
1.30503e+09  1.87434  0.371355  0.795613
real:  1.0779  -0.3602  0.9111
1.30503e+09  1.87788  0.425447  0.668763
real:  1.0521  -0.3469  0.9264
1.30503e+09  1.89584  0.356288  0.687499
real:  1.0329  -0.3373  0.9381
1.30503e+09  1.8962  0.455711  0.540615
real:  1.014  -0.3286  0.9496
1.30503e+09  1.87425  0.492286  0.47176
real:  0.9896  -0.3172  0.9649
1.30503e+09  1.82836  0.600131  0.492068
real:  0.9716  -0.3094  0.9763
1.30503e+09  1.83639  0.616766  0.508721
real:  0.954  -0.3025  0.9871
1.30503e+09  1.85443  0.609962  0.550167
real:  0.9312  -0.2949  1.0016
1.30503e+09  1.82561  0.633395  0.432094
real:  0.9137  -0.2913  1.0119
1.30503e+09  1.84166  0.635234  0.446349
real:  0.8962  -0.2887  1.0219
1.30503e+09  1.85049  0.655999  0.456224
real:  0.8727  -0.2861  1.034
1.30503e+09  1.85729  0.675978  0.479567
real:  0.8552  -0.2847  1.0421
1.30503e+09  1.86585  0.685636  0.504174
real:  0.8375  -0.283  1.0496
1.30503e+09  1.87868  0.684021  0.530969
real:  0.8132  -0.2799  1.0591
1.30503e+09  1.90025  0.657901  0.558037
real:  0.7947  -0.2773  1.0656
1.30503e+09  1.9347  0.587867  0.560886
real:  0.7755  -0.2743  1.0713
1.30503e+09  1.95857  0.552526  0.576734
real:  0.7495  -0.2707  1.0782
